data/golden-apple/golden-apple0001.obj
newmtl Material.001
newmtl Material.002
v -0.039123 0.250415 -0.038493
v -0.002491 1.48961 -0.038493
v -0.03132 0.250415 -0.037725
v 0.005312 1.48961 -0.037725
v -0.023816 0.250415 -0.035449
v 0.012816 1.48961 -0.035449
v -0.0169 0.250415 -0.031752
v 0.019732 1.48961 -0.031752
v -0.010839 0.250415 -0.026778
v 0.025793 1.48961 -0.026778
v -0.005865 0.250415 -0.020716
v 0.030768 1.48961 -0.020716
v -0.002168 0.250415 -0.013801
v 0.034464 1.48961 -0.013801
v 0.000108 0.250415 -0.006297
v 0.03674 1.48961 -0.006297
v 0.000877 0.250415 0.001507
v 0.037509 1.48961 0.001507
v 0.000108 0.250415 0.00931
v 0.03674 1.48961 0.00931
v -0.002168 0.250415 0.016814
v 0.034464 1.48961 0.016814
v -0.005865 0.250415 0.023729
v 0.030768 1.48961 0.023729
v -0.010839 0.250415 0.029791
v 0.025793 1.48961 0.029791
v -0.0169 0.250415 0.034765
v 0.019732 1.48961 0.034765
v -0.023816 0.250415 0.038462
v 0.012816 1.48961 0.038462
v -0.03132 0.250415 0.040738
v 0.005312 1.48961 0.040738
v -0.039123 0.250415 0.041507
v -0.002491 1.48961 0.041507
v -0.046927 0.250415 0.040738
v -0.010295 1.48961 0.040738
v -0.054431 0.250415 0.038462
v -0.017798 1.48961 0.038462
v -0.061346 0.250415 0.034765
v -0.024714 1.48961 0.034765
v -0.067408 0.250415 0.029791
v -0.030775 1.48961 0.029791
v -0.072382 0.250415 0.023729
v -0.03575 1.48961 0.023729
v -0.076078 0.250415 0.016814
v -0.039446 1.48961 0.016814
v -0.078355 0.250415 0.00931
v -0.041723 1.48961 0.00931
v -0.079123 0.250415 0.001507
v -0.042491 1.48961 0.001507
v -0.078355 0.250415 -0.006297
v -0.041723 1.48961 -0.006297
v -0.076078 0.250415 -0.013801
v -0.039446 1.48961 -0.013801
v -0.072382 0.250415 -0.020716
v -0.03575 1.48961 -0.020716
v -0.067408 0.250415 -0.026778
v -0.030775 1.48961 -0.026778
v -0.061346 0.250415 -0.031752
v -0.024714 1.48961 -0.031752
v -0.054431 0.250415 -0.035449
v -0.017798 1.48961 -0.035449
v -0.046927 0.250415 -0.037725
v -0.010295 1.48961 -0.037725
v 0.045131 1.11431 -0.038493
v 0.052934 1.11431 -0.037725
v 0.060438 1.11431 -0.035449
v 0.067353 1.11431 -0.031752
v 0.073415 1.11431 -0.026778
v 0.078389 1.11431 -0.020716
v 0.082086 1.11431 -0.013801
v 0.084362 1.11431 -0.006297
v 0.085131 1.11431 0.001507
v 0.084362 1.11431 0.00931
v 0.082086 1.11431 0.016814
v 0.078389 1.11431 0.023729
v 0.073415 1.11431 0.029791
v 0.067353 1.11431 0.034765
v 0.060438 1.11431 0.038462
v 0.052934 1.11431 0.040738
v 0.045131 1.11431 0.041507
v 0.037327 1.11431 0.040738
v 0.029823 1.11431 0.038462
v 0.022908 1.11431 0.034765
v 0.016846 1.11431 0.029791
v 0.011872 1.11431 0.023729
v 0.008175 1.11431 0.016814
v 0.005899 1.11431 0.00931
v 0.005131 1.11431 0.001507
v 0.005899 1.11431 -0.006297
v 0.008175 1.11431 -0.013801
v 0.011872 1.11431 -0.020716
v 0.016846 1.11431 -0.026778
v 0.022908 1.11431 -0.031752
v 0.029823 1.11431 -0.035449
v 0.037327 1.11431 -0.037725
vn 0.098 0.0124 -0.9951
vn 0.2901 0.0368 -0.9563
vn 0.4706 0.0597 -0.8803
vn 0.6323 0.0802 -0.7705
vn 0.7693 0.0976 -0.6314
vn 0.8765 0.1112 -0.4685
vn 0.95 0.1205 -0.2882
vn 0.9873 0.1253 -0.0972
vn 0.9873 0.1253 0.0972
vn 0.95 0.1205 0.2882
vn 0.8765 0.1112 0.4685
vn 0.7693 0.0976 0.6314
vn 0.6323 0.0802 0.7705
vn 0.4706 0.0597 0.8803
vn 0.2901 0.0368 0.9563
vn 0.098 0.0124 0.9951
vn -0.098 -0.0124 0.9951
vn -0.2901 -0.0368 0.9563
vn -0.4706 -0.0597 0.8803
vn -0.6323 -0.0802 0.7705
vn -0.7693 -0.0976 0.6314
vn -0.8765 -0.1112 0.4685
vn -0.95 -0.1205 0.2882
vn -0.9873 -0.1253 0.0972
vn -0.9873 -0.1253 -0.0972
vn -0.95 -0.1205 -0.2882
vn -0.8765 -0.1112 -0.4685
vn -0.7693 -0.0976 -0.6314
vn -0.6323 -0.0802 -0.7705
vn -0.4706 -0.0597 -0.8803
vn -0 1 -0
vn -0.2901 -0.0368 -0.9563
vn -0.098 -0.0124 -0.9951
vn -0 -1 -0
vn -0.098 0.0096 -0.9951
vn -0.2902 0.0283 -0.9566
vn -0.4709 0.0459 -0.881
vn -0.6332 0.0618 -0.7715
vn -0.7708 0.0752 -0.6326
vn -0.8787 0.0857 -0.4697
vn -0.9528 0.0929 -0.289
vn -0.9905 0.0966 -0.0976
vn -0.9905 0.0966 0.0976
vn -0.9528 0.0929 0.289
vn -0.8787 0.0857 0.4697
vn -0.7708 0.0752 0.6326
vn -0.6332 0.0618 0.7715
vn -0.4709 0.0459 0.881
vn -0.2902 0.0283 0.9566
vn -0.098 0.0096 0.9951
vn 0.098 -0.0096 0.9951
vn 0.2902 -0.0283 0.9566
vn 0.4709 -0.0459 0.881
vn 0.6332 -0.0618 0.7715
vn 0.7708 -0.0752 0.6326
vn 0.8787 -0.0857 0.4697
vn 0.9528 -0.0929 0.289
vn 0.9905 -0.0966 0.0976
vn 0.9905 -0.0966 -0.0976
vn 0.9528 -0.0929 -0.289
vn 0.8787 -0.0857 -0.4697
vn 0.7708 -0.0752 -0.6326
vn 0.6332 -0.0618 -0.7715
vn 0.4709 -0.0459 -0.881
vn 0.2902 -0.0283 -0.9566
vn 0.098 -0.0096 -0.9951
vn 0.0001 1 -0
vn -0.0001 1 -0
curmat=1
v 0.067753 -0.695945 0.00635
v 0.733724 -0.596265 0.532152
v -0.267531 -0.58922 0.857124
v -0.886323 -0.585018 0.00635
v -0.267531 -0.58922 -0.844425
v 0.733724 -0.596265 -0.519453
v 0.288221 0.530151 0.919612
v -0.78538 0.529548 0.570772
v -0.78538 0.529548 -0.558073
v 0.288221 0.530151 -0.906913
v 0.951751 0.530521 0.00635
v -0.001996 0.686786 0.00635
v -0.115015 -0.884246 0.506345
v 0.472763 -0.884246 0.315361
v 0.268114 -0.642733 0.81548
v 0.85598 -0.642733 0.00635
v 0.472763 -0.884246 -0.302662
v -0.47829 -0.884247 0.00635
v -0.684349 -0.634724 0.50642
v -0.115015 -0.884246 -0.493646
v -0.684349 -0.634724 -0.493721
v 0.268114 -0.642733 -0.802781
v 0.974786 -0.038871 0.325152
v 0.974786 -0.038871 -0.312453
v -0.006693 -0.037126 1.03803
v 0.599727 -0.036449 0.840996
v -0.988291 -0.034015 0.325152
v -0.613503 -0.033578 0.840996
v -0.613503 -0.033578 -0.828296
v -0.988291 -0.034015 -0.312453
v 0.599727 -0.036449 -0.828296
v -0.006693 -0.037126 -1.02533
v 0.730334 0.584402 0.54315
v -0.290729 0.583987 0.87491
v -0.921772 0.583314 0.00635
v -0.290729 0.583987 -0.862211
v 0.730334 0.584402 -0.53045
v 0.168321 0.89657 0.543148
v 0.558334 0.89657 0.00635
v -0.462722 0.89657 0.338106
v -0.462722 0.89657 -0.325407
v 0.168321 0.89657 -0.530449
vn -0.1267 -0.9121 -0.3898
vn 0.6384 -0.7394 0.2138
vn 0.3172 -0.9199 -0.2305
vn 0.3172 -0.9199 0.2305
vn -0.1267 -0.9121 0.3898
vn 0.9202 -0.3084 0.2412
vn 0.0406 -0.3284 0.9437
vn -0.8806 -0.3487 0.321
vn -0.583 -0.3416 -0.7372
vn 0.516 -0.3158 -0.7962
vn 0.8017 -0.13 0.5835
vn -0.3056 -0.163 0.9381
vn -0.9833 -0.182 -0
vn -0.3056 -0.163 -0.9381
vn 0.8017 -0.13 -0.5835
vn 0.3985 0.7174 0.5714
vn -0.4195 0.7196 0.5534
vn -0.6555 0.7202 -0.227
vn 0.0131 0.7186 -0.6953
vn 0.667 0.7168 -0.2032
vn -0.3398 0.9075 0.2469
vn 0.4579 0.8244 -0.3327
vn 0.3985 0.7174 -0.5714
vn 0.1287 0.9091 0.3961
vn -0.1744 0.8256 -0.5366
vn -0.4195 0.7196 -0.5534
vn 0.4144 0.9101 -0
vn -0.5637 0.826 -0
vn -0.6555 0.7202 0.227
vn 0.1287 0.9091 -0.3961
vn -0.1744 0.8256 0.5366
vn 0.0131 0.7186 0.6953
vn -0.3398 0.9075 -0.2469
vn 0.4579 0.8244 0.3327
vn 0.667 0.7168 0.2032
vn 0.907 0.2331 -0.3507
vn 0.8041 0.1111 -0.5841
vn 0.6138 0.2328 -0.7544
vn -0.0536 0.2307 -0.9716
vn -0.3064 0.1082 -0.9457
vn -0.5279 0.231 -0.8173
vn -0.9407 0.2301 -0.2492
vn -0.9942 0.1071 -0
vn -0.9407 0.2301 0.2492
vn -0.5279 0.231 0.8173
vn -0.3064 0.1082 0.9457
vn -0.0536 0.2307 0.9716
vn 0.6138 0.2328 0.7544
vn 0.8041 0.1111 0.5841
vn 0.907 0.2331 0.3507
vn 0.3088 0.0379 -0.9504
vn 0.3027 -0.2047 -0.9308
vn 0.0406 -0.3284 -0.9437
vn -0.8085 0.0351 -0.5874
vn -0.788 -0.2259 -0.5727
vn -0.8806 -0.3487 -0.321
vn -0.8085 0.0351 0.5874
vn -0.788 -0.2259 0.5727
vn -0.583 -0.3416 0.7372
vn 0.3088 0.0379 0.9504
vn 0.3027 -0.2047 0.9308
vn 0.516 -0.3158 0.7962
vn 0.9992 0.0404 -0
vn 0.9812 -0.193 -0
vn 0.9202 -0.3084 -0.2412
vn 0.395 -0.7535 -0.5255
vn 0.1562 -0.8629 -0.4806
vn -0.0275 -0.7709 -0.6364
vn -0.3448 -0.7868 -0.5119
vn -0.3853 -0.8793 -0.28
vn -0.5841 -0.7964 -0.1567
vn -0.5841 -0.7964 0.1567
vn -0.3853 -0.8793 0.28
vn -0.3448 -0.7868 0.5119
vn 0.6384 -0.7394 -0.2138
vn 0.5332 -0.846 -0
vn -0.4216 -0.9068 -0
vn -0.0275 -0.7709 0.6364
vn 0.1562 -0.8629 0.4806
vn 0.395 -0.7535 0.5255
curmat=0
numvertex :138 148 268 2
1.....
2.....
2.....
2.....
2.....
2.....
2.....
2.....
2.....
2.....
2.....
2.....
2.....
2.....
2.....
2.....
2.....
2.....
2.....
2.....
2.....
2.....
2.....
2.....
2.....
2.....
2.....
2.....
2.....
2.....
2.....
2.....
2.....
2.....
2.....
2.....
2.....
2.....
2.....
2.....
2.....
2.....
2.....
2.....
2.....
2.....
2.....
2.....
2.....
2.....
2.....
2.....
2.....
2.....
2.....
2.....
2.....
2.....
2.....
2.....
2.....
2.....
2.....
2.....
2.....
2.....
2.....
2.....
2.....
2.....
2.....
2.....
2.....
2.....
2.....
2.....
2.....
2.....
2.....
2.....
2.....
2.....
2.....
2.....
2.....
2.....
2.....
2.....
2.....
2.....
2.....
2.....
2.....
2.....
2.....
2.....
2.....
2.....
2.....
2.....
2.....
2.....
2.....
2.....
2.....
2.....
2.....
2.....
2.....
2.....
2.....
2.....
2.....
2.....
2.....
2.....
2.....
2.....
2.....
2.....
2.....
2.....
2.....
2.....
2.....
2.....
2.....
2.....
2.....
2.....
2.....
2.....
2.....
2.....
2.....
2.....
2.....
2.....
2.....
2.....
2.....
2.....
2.....
2.....
2.....
2.....
2.....
2.....
2.....
2.....
2.....
2.....
2.....
2.....
2.....
2.....
2.....
2.....
2.....
2.....
2.....
2.....
2.....
2.....
2.....
2.....
2.....
2.....
2.....
2.....
2.....
2.....
2.....
2.....
2.....
2.....
2.....
2.....
2.....
2.....
2.....
2.....
2.....
2.....
2.....
2.....
2.....
2.....
2.....
1.....
2.....
2.....
2.....
2.....
2.....
2.....
2.....
2.....
2.....
2.....
2.....
2.....
2.....
2.....
2.....
2.....
2.....
2.....
2.....
2.....
2.....
2.....
2.....
2.....
2.....
2.....
2.....
2.....
2.....
2.....
2.....
2.....
2.....
2.....
2.....
2.....
2.....
2.....
2.....
2.....
2.....
2.....
2.....
2.....
2.....
2.....
2.....
2.....
2.....
2.....
2.....
2.....
2.....
2.....
2.....
2.....
2.....
2.....
2.....
2.....
2.....
2.....
2.....
2.....
2.....
2.....
2.....
2.....
2.....
2.....
2.....
2.....
2.....
2.....
2.....
2.....
2.....
2.....
2.....
2.....
3.....
data/testgreen/testgreen.obj
newmtl greenery
v 1 1 -1
v 1 -1 -1
v 1 1 1
v 1 -1 1
v -1 1 -1
v -1 -1 -1
v -1 1 1
v -1 -1 1
vn -0 1 -0
vn -0 -0 1
vn -1 -0 -0
vn -0 -1 -0
vn 1 -0 -0
vn -0 -0 -1
curmat=0
1 2 3 4 1 1 5 7 3
5 4 6 7 4 2 3 7 8
8 9 10 11 8 3 7 5 6
12 13 5 14 6 4 2 4 8
13 1 4 5 2 5 1 3 4
11 10 1 13 6 6 5 1 2
numvertex :8 6 6 1
1.....
2.....
faces[i]->texcoord[0]-1 0
faces[i]->faces[0]-1: 0 4 6 2 
2.....
faces[i]->texcoord[0]-1 1
faces[i]->faces[0]-1: 3 2 6 7 
2.....
faces[i]->texcoord[0]-1 2
faces[i]->faces[0]-1: 7 6 4 5 
2.....
faces[i]->texcoord[0]-1 3
faces[i]->faces[0]-1: 5 1 3 7 
2.....
faces[i]->texcoord[0]-1 4
faces[i]->faces[0]-1: 1 0 2 3 
2.....
faces[i]->texcoord[0]-1 5
faces[i]->faces[0]-1: 5 4 0 1 
3.....
data/egypt/egypt.obj
newmtl Material
newmtl Material.001
newmtl Material.002
newmtl Material.003
newmtl collision
v 35.9179 9.80533 -1.50636
v 35.9179 13.1518 -1.50636
v 35.9179 9.80533 -4.85279
v 35.9179 13.1518 -4.85279
v 39.2643 9.80533 -1.50636
v 39.2643 13.1518 -1.50636
v 39.2643 9.80533 -4.85279
v 39.2643 13.1518 -4.85279
vn -1 -0 -0
vn -0 -0 -1
vn 1 -0 -0
vn -0 -0 1
vn -0 -1 -0
vn -0 1 -0
curmat=3
v 0 18.2394 81.8484
v -2.92598 16.0042 79.7225
v 1.1176 16.0042 78.4087
v 3.6167 16.0041 81.8484
v 1.1176 16.0042 85.288
v -2.92598 16.0042 83.9742
v -1.1176 12.3874 78.4087
v 2.92598 12.3874 79.7225
v 2.92598 12.3874 83.9742
v -1.1176 12.3874 85.288
v -3.6167 12.3874 81.8484
v 0 10.1522 81.8484
v 0.656904 17.6355 79.8266
v -1.71983 17.6355 80.5988
v -1.06293 16.3217 78.577
v -3.43968 16.3216 81.8484
v -1.71983 17.6355 83.0979
v 2.12584 17.6355 81.8484
v 2.78276 16.3216 79.8266
v 0.656904 17.6355 83.8701
v 2.78276 16.3216 83.8701
v -1.06293 16.3217 85.1197
v -3.84569 14.1958 80.5988
v -3.84569 14.1958 83.0979
v 0 14.1958 77.8048
v -2.37677 14.1958 78.577
v 3.84569 14.1958 80.5988
v 2.37677 14.1958 78.577
v 2.37677 14.1958 85.1197
v 3.84569 14.1958 83.0979
v -2.37677 14.1958 85.1197
v 0 14.1958 85.892
v -2.78276 12.0699 79.8266
v 1.06293 12.0699 78.577
v 3.43968 12.0699 81.8484
v 1.06293 12.0699 85.1197
v -2.78276 12.0699 83.8701
v -0.656904 10.7561 79.8266
v -2.12584 10.7561 81.8484
v 1.71983 10.7561 80.5988
v 1.71983 10.7561 83.0979
v -0.656904 10.7561 83.8701
vn -0.1024 0.9435 -0.3151
vn -0.7002 0.6617 -0.268
vn 0.268 0.9435 -0.1947
vn 0.268 0.9435 0.1947
vn -0.1024 0.9435 0.3151
vn -0.905 0.3304 -0.268
vn -0.0247 0.3304 -0.9435
vn 0.8897 0.3304 -0.3151
vn 0.5746 0.3304 0.7488
vn -0.5346 0.3304 0.7779
vn -0.8026 0.1256 -0.5831
vn 0.3066 0.1256 -0.9435
vn 0.9921 0.1256 -0
vn 0.3066 0.1256 0.9435
vn -0.8026 0.1256 0.5831
vn -0.4089 -0.6617 -0.6284
vn 0.4713 -0.6617 -0.5831
vn 0.7002 -0.6617 0.268
vn -0.0385 -0.6617 0.7488
vn -0.724 -0.6617 0.1947
vn -0.268 -0.9435 0.1947
vn -0.4911 -0.7947 0.3568
vn -0.4089 -0.6617 0.6284
vn 0.1024 -0.9435 0.3151
vn 0.1876 -0.7947 0.5773
vn 0.4713 -0.6617 0.5831
vn 0.3313 -0.9435 -0
vn 0.6071 -0.7947 -0
vn 0.7002 -0.6617 -0.268
vn 0.1024 -0.9435 -0.3151
vn 0.1876 -0.7947 -0.5773
vn -0.0385 -0.6617 -0.7488
vn -0.268 -0.9435 -0.1947
vn -0.4911 -0.7947 -0.3568
vn -0.724 -0.6617 -0.1947
vn -0.8897 -0.3304 0.3151
vn -0.7947 -0.1876 0.5773
vn -0.5746 -0.3304 0.7488
vn 0.0247 -0.3304 0.9435
vn 0.3035 -0.1876 0.9342
vn 0.5346 -0.3304 0.7779
vn 0.905 -0.3304 0.268
vn 0.9822 -0.1876 -0
vn 0.905 -0.3304 -0.268
vn 0.5346 -0.3304 -0.7779
vn 0.3035 -0.1876 -0.9342
vn 0.0247 -0.3304 -0.9435
vn -0.5746 -0.3304 -0.7488
vn -0.7947 -0.1876 -0.5773
vn -0.8897 -0.3304 -0.3151
vn -0.3066 -0.1256 0.9435
vn -0.3035 0.1876 0.9342
vn -0.0247 0.3304 0.9435
vn 0.8026 -0.1256 0.5831
vn 0.7947 0.1876 0.5773
vn 0.8897 0.3304 0.3151
vn 0.8026 -0.1256 -0.5831
vn 0.7947 0.1876 -0.5773
vn 0.5746 0.3304 -0.7488
vn -0.3066 -0.1256 -0.9435
vn -0.3035 0.1876 -0.9342
vn -0.5346 0.3304 -0.7779
vn -0.9921 -0.1256 -0
vn -0.9822 0.1876 -0
vn -0.905 0.3304 0.268
vn -0.4713 0.6617 0.5831
vn -0.1876 0.7947 0.5773
vn 0.0385 0.6617 0.7488
vn 0.4089 0.6617 0.6284
vn 0.4911 0.7947 0.3568
vn 0.724 0.6617 0.1947
vn 0.724 0.6617 -0.1947
vn 0.4911 0.7947 -0.3568
vn 0.4089 0.6617 -0.6284
vn -0.7002 0.6617 0.268
vn -0.6071 0.7947 -0
vn -0.3313 0.9435 -0
vn 0.0385 0.6617 -0.7488
vn -0.1876 0.7947 -0.5773
vn -0.4713 0.6617 -0.5831
curmat=2
v -130.932 -5.45605 9.76552
v -108.568 39.2733 -12.5992
v -130.932 -5.45605 -34.9638
v -86.203 -5.45605 9.76552
v -86.203 -5.45605 -34.9638
vn -0.8944 0.4472 -0
vn -0 0.4472 -0.8944
vn 0.8944 0.4472 -0
vn -0 0.4472 0.8944
vn -0 -1 -0
curmat=0
v -28.3455 -5.06286 -83.3532
v -5.98083 39.6665 -105.718
v -28.3455 -5.06286 -128.083
v 16.3838 -5.06286 -83.3532
v 16.3838 -5.06286 -128.083
vn -0.8944 0.4472 -0
vn -0 0.4472 -0.8944
vn 0.8944 0.4472 -0
vn -0 0.4472 0.8944
vn -0 -1 -0
curmat=0
v -106.337 -5.45763 -81.4137
v -95.7182 15.7791 -92.0321
v -106.337 -5.45763 -102.65
v -85.0999 -5.45763 -81.4137
v -85.0999 -5.45763 -102.65
vn -0.8944 0.4472 -0
vn -0 0.4472 -0.8944
vn 0.8944 0.4472 -0
vn -0 0.4472 0.8944
vn -0 -1 -0
curmat=0
v 47.3311 -4.81511 123.687
v 82.1827 64.888 88.8355
v 47.3311 -4.81511 53.9839
v 117.034 -4.81511 123.687
v 117.034 -4.81511 53.9839
vn -0.8944 0.4472 -0
vn -0 0.4472 -0.8944
vn 0.8944 0.4472 -0
vn -0 0.4472 0.8944
vn -0 -1 -0
curmat=0
v -144.208 -4.68537 165.404
v 165.867 -4.68537 165.404
v -144.208 -4.68537 -144.672
v 165.867 -4.68537 -144.672
vn -0 1 -0
curmat=1
v -144.076 -3.69349 165.404
v 166 -3.69349 165.404
v -144.076 -3.69349 -144.672
v 166 -3.69349 -144.672
vn -0 1 -0
numvertex :78 108 107 5
1.....
2.....
faces[i]->texcoord[0]-1 0
faces[i]->faces[0]-1: 0 1 3 2 
2.....
faces[i]->texcoord[0]-1 1
faces[i]->faces[0]-1: 2 3 7 6 
2.....
faces[i]->texcoord[0]-1 2
faces[i]->faces[0]-1: 6 7 5 4 
2.....
faces[i]->texcoord[0]-1 3
faces[i]->faces[0]-1: 4 5 1 0 
2.....
faces[i]->texcoord[0]-1 4
faces[i]->faces[0]-1: 2 6 4 0 
2.....
faces[i]->texcoord[0]-1 5
faces[i]->faces[0]-1: 7 3 1 5 
1.....
2.....
2.....
2.....
2.....
2.....
2.....
2.....
2.....
2.....
2.....
2.....
2.....
2.....
2.....
2.....
2.....
2.....
2.....
2.....
2.....
2.....
2.....
2.....
2.....
2.....
2.....
2.....
2.....
2.....
2.....
2.....
2.....
2.....
2.....
2.....
2.....
2.....
2.....
2.....
2.....
2.....
2.....
2.....
2.....
2.....
2.....
2.....
2.....
2.....
2.....
2.....
2.....
2.....
2.....
2.....
2.....
2.....
2.....
2.....
2.....
2.....
2.....
2.....
2.....
2.....
2.....
2.....
2.....
2.....
2.....
2.....
2.....
2.....
2.....
2.....
2.....
2.....
2.....
2.....
2.....
1.....
2.....
2.....
2.....
2.....
2.....
faces[i]->texcoord[0]-1 90
faces[i]->faces[0]-1: 52 54 53 50 
2.....
2.....
2.....
2.....
2.....
faces[i]->texcoord[0]-1 95
faces[i]->faces[0]-1: 57 59 58 55 
2.....
2.....
2.....
2.....
2.....
faces[i]->texcoord[0]-1 100
faces[i]->faces[0]-1: 62 64 63 60 
2.....
2.....
2.....
2.....
2.....
faces[i]->texcoord[0]-1 105
faces[i]->faces[0]-1: 67 69 68 65 
1.....
2.....
faces[i]->texcoord[0]-1 106
faces[i]->faces[0]-1: 70 71 73 72 
3.....
data/weapon1/weapon0001.obj
newmtl Material
v 3.49521 1 -0.426875
v 3.49521 -1 -0.426875
v 3.49521 1 0.426875
v 3.49521 -1 0.426875
v -3.49521 1 -0.426875
v -3.49521 -1 -0.426875
v -3.49521 1 0.426875
v -3.49521 -1 0.426875
vn -0 1 -0
vn -0 -0 1
vn -1 -0 -0
vn -0 -1 -0
vn 1 -0 -0
vn -0 -0 -1
curmat=0
1 2 3 4 1 1 5 7 3
5 4 6 7 4 2 3 7 8
8 9 10 11 8 3 7 5 6
12 13 5 14 6 4 2 4 8
13 1 4 5 2 5 1 3 4
11 10 1 13 6 6 5 1 2
numvertex :8 6 6 1
1.....
2.....
faces[i]->texcoord[0]-1 0
faces[i]->faces[0]-1: 0 4 6 2 
2.....
faces[i]->texcoord[0]-1 1
faces[i]->faces[0]-1: 3 2 6 7 
2.....
faces[i]->texcoord[0]-1 2
faces[i]->faces[0]-1: 7 6 4 5 
2.....
faces[i]->texcoord[0]-1 3
faces[i]->faces[0]-1: 5 1 3 7 
2.....
faces[i]->texcoord[0]-1 4
faces[i]->faces[0]-1: 1 0 2 3 
2.....
faces[i]->texcoord[0]-1 5
faces[i]->faces[0]-1: 5 4 0 1 
3.....
data/weapon1/weapon0002.obj
newmtl Material
v 3.47951 1.05333 -0.426875
v 3.51009 -0.94644 -0.426875
v 3.47951 1.05333 0.426875
v 3.51009 -0.94644 0.426875
v -3.51009 0.94644 -0.426875
v -3.47951 -1.05333 -0.426875
v -3.51009 0.94644 0.426875
v -3.47951 -1.05333 0.426875
vn -0.0153 0.9999 -0
vn -0 -0 1
vn -0.9999 -0.0153 -0
vn 0.0153 -0.9999 -0
vn 0.9999 0.0153 -0
vn -0 -0 -1
curmat=0
1 2 3 4 1 1 5 7 3
5 4 6 7 4 2 3 7 8
8 9 10 11 8 3 7 5 6
12 13 5 14 6 4 2 4 8
13 1 4 5 2 5 1 3 4
11 10 1 13 6 6 5 1 2
numvertex :8 6 6 1
1.....
2.....
faces[i]->texcoord[0]-1 0
faces[i]->faces[0]-1: 0 4 6 2 
2.....
faces[i]->texcoord[0]-1 1
faces[i]->faces[0]-1: 3 2 6 7 
2.....
faces[i]->texcoord[0]-1 2
faces[i]->faces[0]-1: 7 6 4 5 
2.....
faces[i]->texcoord[0]-1 3
faces[i]->faces[0]-1: 5 1 3 7 
2.....
faces[i]->texcoord[0]-1 4
faces[i]->faces[0]-1: 1 0 2 3 
2.....
faces[i]->texcoord[0]-1 5
faces[i]->faces[0]-1: 5 4 0 1 
3.....
data/weapon1/weapon0003.obj
newmtl Material
v 3.43528 1.18968 -0.426875
v 3.54468 -0.80732 -0.426875
v 3.43528 1.18968 0.426875
v 3.54468 -0.80732 0.426875
v -3.54468 0.80732 -0.426875
v -3.43528 -1.18968 -0.426875
v -3.54468 0.80732 0.426875
v -3.43528 -1.18968 0.426875
vn -0.0547 0.9985 -0
vn -0 -0 1
vn -0.9985 -0.0547 -0
vn 0.0547 -0.9985 -0
vn 0.9985 0.0547 -0
vn -0 -0 -1
curmat=0
1 2 3 4 1 1 5 7 3
5 4 6 7 4 2 3 7 8
8 9 10 11 8 3 7 5 6
12 13 5 14 6 4 2 4 8
13 1 4 5 2 5 1 3 4
11 10 1 13 6 6 5 1 2
numvertex :8 6 6 1
1.....
2.....
faces[i]->texcoord[0]-1 0
faces[i]->faces[0]-1: 0 4 6 2 
2.....
faces[i]->texcoord[0]-1 1
faces[i]->faces[0]-1: 3 2 6 7 
2.....
faces[i]->texcoord[0]-1 2
faces[i]->faces[0]-1: 7 6 4 5 
2.....
faces[i]->texcoord[0]-1 3
faces[i]->faces[0]-1: 5 1 3 7 
2.....
faces[i]->texcoord[0]-1 4
faces[i]->faces[0]-1: 1 0 2 3 
2.....
faces[i]->texcoord[0]-1 5
faces[i]->faces[0]-1: 5 4 0 1 
3.....
data/weapon1/weapon0004.obj
newmtl Material
v 3.36617 1.3731 -0.426875
v 3.58304 -0.615107 -0.426875
v 3.36617 1.3731 0.426875
v 3.58304 -0.615107 0.426875
v -3.58304 0.615107 -0.426875
v -3.36617 -1.3731 -0.426875
v -3.58304 0.615107 0.426875
v -3.36617 -1.3731 0.426875
vn -0.1084 0.9941 -0
vn -0 -0 1
vn -0.9941 -0.1084 -0
vn 0.1084 -0.9941 -0
vn 0.9941 0.1084 -0
vn -0 -0 -1
curmat=0
1 2 3 4 1 1 5 7 3
5 4 6 7 4 2 3 7 8
8 9 10 11 8 3 7 5 6
12 13 5 14 6 4 2 4 8
13 1 4 5 2 5 1 3 4
11 10 1 13 6 6 5 1 2
numvertex :8 6 6 1
1.....
2.....
faces[i]->texcoord[0]-1 0
faces[i]->faces[0]-1: 0 4 6 2 
2.....
faces[i]->texcoord[0]-1 1
faces[i]->faces[0]-1: 3 2 6 7 
2.....
faces[i]->texcoord[0]-1 2
faces[i]->faces[0]-1: 7 6 4 5 
2.....
faces[i]->texcoord[0]-1 3
faces[i]->faces[0]-1: 5 1 3 7 
2.....
faces[i]->texcoord[0]-1 4
faces[i]->faces[0]-1: 1 0 2 3 
2.....
faces[i]->texcoord[0]-1 5
faces[i]->faces[0]-1: 5 4 0 1 
3.....
data/weapon1/weapon0005.obj
newmtl Material
v 3.27974 1.56838 -0.426875
v 3.61297 -0.403665 -0.426875
v 3.27974 1.56838 0.426875
v 3.61297 -0.403665 0.426875
v -3.61297 0.403665 -0.426875
v -3.27974 -1.56838 -0.426875
v -3.61297 0.403665 0.426875
v -3.27974 -1.56838 0.426875
vn -0.1666 0.986 -0
vn -0 -0 1
vn -0.986 -0.1666 -0
vn 0.1666 -0.986 -0
vn 0.986 0.1666 -0
vn -0 -0 -1
curmat=0
1 2 3 4 1 1 5 7 3
5 4 6 7 4 2 3 7 8
8 9 10 11 8 3 7 5 6
12 13 5 14 6 4 2 4 8
13 1 4 5 2 5 1 3 4
11 10 1 13 6 6 5 1 2
numvertex :8 6 6 1
1.....
2.....
faces[i]->texcoord[0]-1 0
faces[i]->faces[0]-1: 0 4 6 2 
2.....
faces[i]->texcoord[0]-1 1
faces[i]->faces[0]-1: 3 2 6 7 
2.....
faces[i]->texcoord[0]-1 2
faces[i]->faces[0]-1: 7 6 4 5 
2.....
faces[i]->texcoord[0]-1 3
faces[i]->faces[0]-1: 5 1 3 7 
2.....
faces[i]->texcoord[0]-1 4
faces[i]->faces[0]-1: 1 0 2 3 
2.....
faces[i]->texcoord[0]-1 5
faces[i]->faces[0]-1: 5 4 0 1 
3.....
data/weapon1/weapon0006.obj
newmtl Material
v 3.19045 1.74286 -0.426875
v 3.62948 -0.208358 -0.426875
v 3.19045 1.74286 0.426875
v 3.62948 -0.208358 0.426875
v -3.62948 0.208358 -0.426875
v -3.19045 -1.74286 -0.426875
v -3.62948 0.208358 0.426875
v -3.19045 -1.74286 0.426875
vn -0.2195 0.9756 -0
vn -0 -0 1
vn -0.9756 -0.2195 -0
vn 0.2195 -0.9756 -0
vn 0.9756 0.2195 -0
vn -0 -0 -1
curmat=0
1 2 3 4 1 1 5 7 3
5 4 6 7 4 2 3 7 8
8 9 10 11 8 3 7 5 6
12 13 5 14 6 4 2 4 8
13 1 4 5 2 5 1 3 4
11 10 1 13 6 6 5 1 2
numvertex :8 6 6 1
1.....
2.....
faces[i]->texcoord[0]-1 0
faces[i]->faces[0]-1: 0 4 6 2 
2.....
faces[i]->texcoord[0]-1 1
faces[i]->faces[0]-1: 3 2 6 7 
2.....
faces[i]->texcoord[0]-1 2
faces[i]->faces[0]-1: 7 6 4 5 
2.....
faces[i]->texcoord[0]-1 3
faces[i]->faces[0]-1: 5 1 3 7 
2.....
faces[i]->texcoord[0]-1 4
faces[i]->faces[0]-1: 1 0 2 3 
2.....
faces[i]->texcoord[0]-1 5
faces[i]->faces[0]-1: 5 4 0 1 
3.....
data/weapon1/weapon0007.obj
newmtl Material
v 3.11926 1.86729 -0.426875
v 3.63487 -0.065106 -0.426875
v 3.11926 1.86729 0.426875
v 3.63487 -0.065106 0.426875
v -3.63487 0.065106 -0.426875
v -3.11926 -1.86729 -0.426875
v -3.63487 0.065106 0.426875
v -3.11926 -1.86729 0.426875
vn -0.2578 0.9662 -0
vn -0 -0 1
vn -0.9662 -0.2578 -0
vn 0.2578 -0.9662 -0
vn 0.9662 0.2578 -0
vn -0 -0 -1
curmat=0
1 2 3 4 1 1 5 7 3
5 4 6 7 4 2 3 7 8
8 9 10 11 8 3 7 5 6
12 13 5 14 6 4 2 4 8
13 1 4 5 2 5 1 3 4
11 10 1 13 6 6 5 1 2
numvertex :8 6 6 1
1.....
2.....
faces[i]->texcoord[0]-1 0
faces[i]->faces[0]-1: 0 4 6 2 
2.....
faces[i]->texcoord[0]-1 1
faces[i]->faces[0]-1: 3 2 6 7 
2.....
faces[i]->texcoord[0]-1 2
faces[i]->faces[0]-1: 7 6 4 5 
2.....
faces[i]->texcoord[0]-1 3
faces[i]->faces[0]-1: 5 1 3 7 
2.....
faces[i]->texcoord[0]-1 4
faces[i]->faces[0]-1: 1 0 2 3 
2.....
faces[i]->texcoord[0]-1 5
faces[i]->faces[0]-1: 5 4 0 1 
3.....
data/weapon1/weapon0008.obj
newmtl Material
v 3.09034 1.91476 -0.426875
v 3.63544 -0.009519 -0.426875
v 3.09034 1.91476 0.426875
v 3.63544 -0.009519 0.426875
v -3.63544 0.009519 -0.426875
v -3.09034 -1.91476 -0.426875
v -3.63544 0.009519 0.426875
v -3.09034 -1.91476 0.426875
vn -0.2726 0.9621 -0
vn -0 -0 1
vn -0.9621 -0.2726 -0
vn 0.2726 -0.9621 -0
vn 0.9621 0.2726 -0
vn -0 -0 -1
curmat=0
1 2 3 4 1 1 5 7 3
5 4 6 7 4 2 3 7 8
8 9 10 11 8 3 7 5 6
12 13 5 14 6 4 2 4 8
13 1 4 5 2 5 1 3 4
11 10 1 13 6 6 5 1 2
numvertex :8 6 6 1
1.....
2.....
faces[i]->texcoord[0]-1 0
faces[i]->faces[0]-1: 0 4 6 2 
2.....
faces[i]->texcoord[0]-1 1
faces[i]->faces[0]-1: 3 2 6 7 
2.....
faces[i]->texcoord[0]-1 2
faces[i]->faces[0]-1: 7 6 4 5 
2.....
faces[i]->texcoord[0]-1 3
faces[i]->faces[0]-1: 5 1 3 7 
2.....
faces[i]->texcoord[0]-1 4
faces[i]->faces[0]-1: 1 0 2 3 
2.....
faces[i]->texcoord[0]-1 5
faces[i]->faces[0]-1: 5 4 0 1 
3.....
data/weapon1/weapon0009.obj
newmtl Material
v 3.11524 1.87571 -0.426664
v 3.63606 -0.05529 -0.426726
v 3.11521 1.87567 0.427086
v 3.63602 -0.055327 0.427024
v -3.634 0.055327 -0.427024
v -3.11318 -1.87567 -0.427086
v -3.63404 0.05529 0.426726
v -3.11322 -1.87571 0.426664
vn -0.2604 0.9655 -0
vn -0 -0 1
vn -0.9655 -0.2604 -0.0001
vn 0.2604 -0.9655 -0
vn 0.9655 0.2604 0.0001
vn -0 -0 -1
curmat=0
1 2 3 4 1 1 5 7 3
5 4 6 7 4 2 3 7 8
8 9 10 11 8 3 7 5 6
12 13 5 14 6 4 2 4 8
13 1 4 5 2 5 1 3 4
11 10 1 13 6 6 5 1 2
numvertex :8 6 6 1
1.....
2.....
faces[i]->texcoord[0]-1 0
faces[i]->faces[0]-1: 0 4 6 2 
2.....
faces[i]->texcoord[0]-1 1
faces[i]->faces[0]-1: 3 2 6 7 
2.....
faces[i]->texcoord[0]-1 2
faces[i]->faces[0]-1: 7 6 4 5 
2.....
faces[i]->texcoord[0]-1 3
faces[i]->faces[0]-1: 5 1 3 7 
2.....
faces[i]->texcoord[0]-1 4
faces[i]->faces[0]-1: 1 0 2 3 
2.....
faces[i]->texcoord[0]-1 5
faces[i]->faces[0]-1: 5 4 0 1 
3.....
data/weapon1/weapon0010.obj
newmtl Material
v 3.17859 1.77141 -0.425161
v 3.63502 -0.175815 -0.425686
v 3.1783 1.77111 0.428588
v 3.63472 -0.176114 0.428064
v -3.62737 0.176114 -0.428064
v -3.17094 -1.77111 -0.428588
v -3.62766 0.175815 0.425686
v -3.17124 -1.77141 0.425161
vn -0.2282 0.9736 0.0003
vn -0.0003 -0.0004 1
vn -0.9736 -0.2282 -0.0004
vn 0.2282 -0.9736 -0.0003
vn 0.9736 0.2282 0.0004
vn 0.0003 0.0004 -1
curmat=0
1 2 3 4 1 1 5 7 3
5 4 6 7 4 2 3 7 8
8 9 10 11 8 3 7 5 6
12 13 5 14 6 4 2 4 8
13 1 4 5 2 5 1 3 4
11 10 1 13 6 6 5 1 2
numvertex :8 6 6 1
1.....
2.....
faces[i]->texcoord[0]-1 0
faces[i]->faces[0]-1: 0 4 6 2 
2.....
faces[i]->texcoord[0]-1 1
faces[i]->faces[0]-1: 3 2 6 7 
2.....
faces[i]->texcoord[0]-1 2
faces[i]->faces[0]-1: 7 6 4 5 
2.....
faces[i]->texcoord[0]-1 3
faces[i]->faces[0]-1: 5 1 3 7 
2.....
faces[i]->texcoord[0]-1 4
faces[i]->faces[0]-1: 1 0 2 3 
2.....
faces[i]->texcoord[0]-1 5
faces[i]->faces[0]-1: 5 4 0 1 
3.....
data/weapon1/weapon0011.obj
newmtl Material
v 3.26236 1.62082 -0.420977
v 3.6269 -0.345675 -0.42288
v 3.26132 1.6198 0.432772
v 3.62586 -0.346694 0.430869
v -3.61096 0.346694 -0.430869
v -3.24642 -1.6198 -0.432772
v -3.612 0.345675 0.42288
v -3.24746 -1.62082 0.420977
vn -0.1823 0.9832 0.001
vn -0.0012 -0.0012 1
vn -0.9832 -0.1823 -0.0014
vn 0.1823 -0.9832 -0.001
vn 0.9832 0.1823 0.0014
vn 0.0012 0.0012 -1
curmat=0
1 2 3 4 1 1 5 7 3
5 4 6 7 4 2 3 7 8
8 9 10 11 8 3 7 5 6
12 13 5 14 6 4 2 4 8
13 1 4 5 2 5 1 3 4
11 10 1 13 6 6 5 1 2
numvertex :8 6 6 1
1.....
2.....
faces[i]->texcoord[0]-1 0
faces[i]->faces[0]-1: 0 4 6 2 
2.....
faces[i]->texcoord[0]-1 1
faces[i]->faces[0]-1: 3 2 6 7 
2.....
faces[i]->texcoord[0]-1 2
faces[i]->faces[0]-1: 7 6 4 5 
2.....
faces[i]->texcoord[0]-1 3
faces[i]->faces[0]-1: 5 1 3 7 
2.....
faces[i]->texcoord[0]-1 4
faces[i]->faces[0]-1: 1 0 2 3 
2.....
faces[i]->texcoord[0]-1 5
faces[i]->faces[0]-1: 5 4 0 1 
3.....
data/weapon1/weapon0012.obj
newmtl Material
v 3.34988 1.44412 -0.41261
v 3.60812 -0.539133 -0.417484
v 3.34729 1.44168 0.441132
v 3.60553 -0.541569 0.436258
v -3.58199 0.541569 -0.436258
v -3.32375 -1.44168 -0.441132
v -3.58459 0.539133 0.417484
v -3.32635 -1.44412 0.41261
vn -0.1291 0.9916 0.0024
vn -0.003 -0.0029 1
vn -0.9916 -0.1291 -0.0034
vn 0.1291 -0.9916 -0.0024
vn 0.9916 0.1291 0.0034
vn 0.003 0.0029 -1
curmat=0
1 2 3 4 1 1 5 7 3
5 4 6 7 4 2 3 7 8
8 9 10 11 8 3 7 5 6
12 13 5 14 6 4 2 4 8
13 1 4 5 2 5 1 3 4
11 10 1 13 6 6 5 1 2
numvertex :8 6 6 1
1.....
2.....
faces[i]->texcoord[0]-1 0
faces[i]->faces[0]-1: 0 4 6 2 
2.....
faces[i]->texcoord[0]-1 1
faces[i]->faces[0]-1: 3 2 6 7 
2.....
faces[i]->texcoord[0]-1 2
faces[i]->faces[0]-1: 7 6 4 5 
2.....
faces[i]->texcoord[0]-1 3
faces[i]->faces[0]-1: 5 1 3 7 
2.....
faces[i]->texcoord[0]-1 4
faces[i]->faces[0]-1: 1 0 2 3 
2.....
faces[i]->texcoord[0]-1 5
faces[i]->faces[0]-1: 5 4 0 1 
3.....
data/weapon1/weapon0013.obj
newmtl Material
v 3.42827 1.26369 -0.398522
v 3.57951 -0.730553 -0.408754
v 3.42295 1.25891 0.455198
v 3.57418 -0.735337 0.444966
v -3.542 0.735337 -0.444966
v -3.39077 -1.25891 -0.455198
v -3.54733 0.730553 0.408754
v -3.39609 -1.26369 0.398522
vn -0.0756 0.9971 0.0051
vn -0.0062 -0.0056 1
vn -0.9971 -0.0756 -0.0066
vn 0.0756 -0.9971 -0.0051
vn 0.9971 0.0756 0.0066
vn 0.0062 0.0056 -1
curmat=0
1 2 3 4 1 1 5 7 3
5 4 6 7 4 2 3 7 8
8 9 10 11 8 3 7 5 6
12 13 5 14 6 4 2 4 8
13 1 4 5 2 5 1 3 4
11 10 1 13 6 6 5 1 2
numvertex :8 6 6 1
1.....
2.....
faces[i]->texcoord[0]-1 0
faces[i]->faces[0]-1: 0 4 6 2 
2.....
faces[i]->texcoord[0]-1 1
faces[i]->faces[0]-1: 3 2 6 7 
2.....
faces[i]->texcoord[0]-1 2
faces[i]->faces[0]-1: 7 6 4 5 
2.....
faces[i]->texcoord[0]-1 3
faces[i]->faces[0]-1: 5 1 3 7 
2.....
faces[i]->texcoord[0]-1 4
faces[i]->faces[0]-1: 1 0 2 3 
2.....
faces[i]->texcoord[0]-1 5
faces[i]->faces[0]-1: 5 4 0 1 
3.....
data/weapon1/weapon0014.obj
newmtl Material
v 3.48938 1.10401 -0.377223
v 3.54701 -0.895074 -0.395982
v 3.47979 1.09572 0.476433
v 3.53742 -0.903361 0.457674
v -3.4977 0.903361 -0.457674
v -3.44007 -1.09572 -0.476433
v -3.50729 0.895074 0.395982
v -3.44967 -1.10401 0.377223
vn -0.0288 0.9995 0.0094
vn -0.0112 -0.0097 0.9999
vn -0.9995 -0.0287 -0.0115
vn 0.0288 -0.9995 -0.0094
vn 0.9995 0.0287 0.0115
vn 0.0112 0.0097 -0.9999
curmat=0
1 2 3 4 1 1 5 7 3
5 4 6 7 4 2 3 7 8
8 9 10 11 8 3 7 5 6
12 13 5 14 6 4 2 4 8
13 1 4 5 2 5 1 3 4
11 10 1 13 6 6 5 1 2
numvertex :8 6 6 1
1.....
2.....
faces[i]->texcoord[0]-1 0
faces[i]->faces[0]-1: 0 4 6 2 
2.....
faces[i]->texcoord[0]-1 1
faces[i]->faces[0]-1: 3 2 6 7 
2.....
faces[i]->texcoord[0]-1 2
faces[i]->faces[0]-1: 7 6 4 5 
2.....
faces[i]->texcoord[0]-1 3
faces[i]->faces[0]-1: 5 1 3 7 
2.....
faces[i]->texcoord[0]-1 4
faces[i]->faces[0]-1: 1 0 2 3 
2.....
faces[i]->texcoord[0]-1 5
faces[i]->faces[0]-1: 5 4 0 1 
3.....
data/weapon1/weapon0015.obj
newmtl Material
v 3.52917 0.990725 -0.347353
v 3.52073 -1.00902 -0.378352
v 3.5135 0.97756 0.506151
v 3.50507 -1.02218 0.475153
v -3.46002 1.02218 -0.475153
v -3.46845 -0.97756 -0.506151
v -3.47568 1.00902 0.378352
v -3.48412 -0.990725 0.347353
vn 0.0042 0.9999 0.0155
vn -0.0183 -0.0154 0.9997
vn -0.9998 0.0045 -0.0183
vn -0.0042 -0.9999 -0.0155
vn 0.9998 -0.0045 0.0183
vn 0.0183 0.0154 -0.9997
curmat=0
1 2 3 4 1 1 5 7 3
5 4 6 7 4 2 3 7 8
8 9 10 11 8 3 7 5 6
12 13 5 14 6 4 2 4 8
13 1 4 5 2 5 1 3 4
11 10 1 13 6 6 5 1 2
numvertex :8 6 6 1
1.....
2.....
faces[i]->texcoord[0]-1 0
faces[i]->faces[0]-1: 0 4 6 2 
2.....
faces[i]->texcoord[0]-1 1
faces[i]->faces[0]-1: 3 2 6 7 
2.....
faces[i]->texcoord[0]-1 2
faces[i]->faces[0]-1: 7 6 4 5 
2.....
faces[i]->texcoord[0]-1 3
faces[i]->faces[0]-1: 5 1 3 7 
2.....
faces[i]->texcoord[0]-1 4
faces[i]->faces[0]-1: 1 0 2 3 
2.....
faces[i]->texcoord[0]-1 5
faces[i]->faces[0]-1: 5 4 0 1 
3.....
data/weapon1/weapon0016.obj
newmtl Material
v 3.54521 0.949662 -0.30776
v 3.5123 -1.04952 -0.354708
v 3.52158 0.930015 0.545437
v 3.48867 -1.06916 0.498489
v -3.4416 1.06916 -0.498489
v -3.47451 -0.930015 -0.545437
v -3.46522 1.04952 0.354708
v -3.49813 -0.949662 0.30776
vn 0.0165 0.9996 0.0235
vn -0.0277 -0.023 0.9994
vn -0.9995 0.0171 -0.0273
vn -0.0165 -0.9996 -0.0235
vn 0.9995 -0.0171 0.0273
vn 0.0277 0.023 -0.9994
curmat=0
1 2 3 4 1 1 5 7 3
5 4 6 7 4 2 3 7 8
8 9 10 11 8 3 7 5 6
12 13 5 14 6 4 2 4 8
13 1 4 5 2 5 1 3 4
11 10 1 13 6 6 5 1 2
numvertex :8 6 6 1
1.....
2.....
faces[i]->texcoord[0]-1 0
faces[i]->faces[0]-1: 0 4 6 2 
2.....
faces[i]->texcoord[0]-1 1
faces[i]->faces[0]-1: 3 2 6 7 
2.....
faces[i]->texcoord[0]-1 2
faces[i]->faces[0]-1: 7 6 4 5 
2.....
faces[i]->texcoord[0]-1 3
faces[i]->faces[0]-1: 5 1 3 7 
2.....
faces[i]->texcoord[0]-1 4
faces[i]->faces[0]-1: 1 0 2 3 
2.....
faces[i]->texcoord[0]-1 5
faces[i]->faces[0]-1: 5 4 0 1 
3.....
data/weapon1/weapon0017.obj
newmtl Material
v 3.507 1.12271 -0.060888
v 3.57265 -0.870538 -0.211341
v 3.43858 1.05642 0.78753
v 3.50423 -0.936831 0.637076
v -3.45715 0.936831 -0.637076
v -3.39151 -1.05642 -0.78753
v -3.52558 0.870538 0.211341
v -3.45993 -1.12271 0.060888
vn -0.0328 0.9966 0.0752
vn -0.0801 -0.0776 0.9938
vn -0.9962 -0.0266 -0.0824
vn 0.0328 -0.9966 -0.0752
vn 0.9962 0.0266 0.0824
vn 0.0801 0.0776 -0.9938
curmat=0
1 2 3 4 1 1 5 7 3
5 4 6 7 4 2 3 7 8
8 9 10 11 8 3 7 5 6
12 13 5 14 6 4 2 4 8
13 1 4 5 2 5 1 3 4
11 10 1 13 6 6 5 1 2
numvertex :8 6 6 1
1.....
2.....
faces[i]->texcoord[0]-1 0
faces[i]->faces[0]-1: 0 4 6 2 
2.....
faces[i]->texcoord[0]-1 1
faces[i]->faces[0]-1: 3 2 6 7 
2.....
faces[i]->texcoord[0]-1 2
faces[i]->faces[0]-1: 7 6 4 5 
2.....
faces[i]->texcoord[0]-1 3
faces[i]->faces[0]-1: 5 1 3 7 
2.....
faces[i]->texcoord[0]-1 4
faces[i]->faces[0]-1: 1 0 2 3 
2.....
faces[i]->texcoord[0]-1 5
faces[i]->faces[0]-1: 5 4 0 1 
3.....
data/weapon1/weapon0018.obj
newmtl Material
v 3.29586 1.56174 0.501625
v 3.66172 -0.37316 0.151914
v 3.14322 1.38448 1.3227
v 3.50909 -0.550422 0.972991
v -3.46201 0.550422 -0.972991
v -3.09614 -1.38448 -1.3227
v -3.61465 0.37316 -0.151914
v -3.24878 -1.56174 -0.501625
vn -0.1829 0.9675 0.1749
vn -0.1788 -0.2076 0.9617
vn -0.9667 -0.1447 -0.2109
vn 0.1829 -0.9675 -0.1749
vn 0.9667 0.1447 0.2109
vn 0.1788 0.2076 -0.9617
curmat=0
1 2 3 4 1 1 5 7 3
5 4 6 7 4 2 3 7 8
8 9 10 11 8 3 7 5 6
12 13 5 14 6 4 2 4 8
13 1 4 5 2 5 1 3 4
11 10 1 13 6 6 5 1 2
numvertex :8 6 6 1
1.....
2.....
faces[i]->texcoord[0]-1 0
faces[i]->faces[0]-1: 0 4 6 2 
2.....
faces[i]->texcoord[0]-1 1
faces[i]->faces[0]-1: 3 2 6 7 
2.....
faces[i]->texcoord[0]-1 2
faces[i]->faces[0]-1: 7 6 4 5 
2.....
faces[i]->texcoord[0]-1 3
faces[i]->faces[0]-1: 5 1 3 7 
2.....
faces[i]->texcoord[0]-1 4
faces[i]->faces[0]-1: 1 0 2 3 
2.....
faces[i]->texcoord[0]-1 5
faces[i]->faces[0]-1: 5 4 0 1 
3.....
data/weapon1/weapon0019.obj
newmtl Material
v 2.75884 2.13141 1.17217
v 3.60005 0.385758 0.67712
v 2.54681 1.81281 1.93534
v 3.38803 0.067159 1.44029
v -3.34095 -0.067159 -1.44029
v -2.49974 -1.81281 -1.93534
v -3.55297 -0.385758 -0.67712
v -2.71176 -2.13141 -1.17217
vn -0.4206 0.8728 0.2475
vn -0.2483 -0.3732 0.8939
vn -0.8726 -0.3145 -0.3737
vn 0.4206 -0.8728 -0.2475
vn 0.8726 0.3145 0.3737
vn 0.2483 0.3732 -0.8939
curmat=0
1 2 3 4 1 1 5 7 3
5 4 6 7 4 2 3 7 8
8 9 10 11 8 3 7 5 6
12 13 5 14 6 4 2 4 8
13 1 4 5 2 5 1 3 4
11 10 1 13 6 6 5 1 2
numvertex :8 6 6 1
1.....
2.....
faces[i]->texcoord[0]-1 0
faces[i]->faces[0]-1: 0 4 6 2 
2.....
faces[i]->texcoord[0]-1 1
faces[i]->faces[0]-1: 3 2 6 7 
2.....
faces[i]->texcoord[0]-1 2
faces[i]->faces[0]-1: 7 6 4 5 
2.....
faces[i]->texcoord[0]-1 3
faces[i]->faces[0]-1: 5 1 3 7 
2.....
faces[i]->texcoord[0]-1 4
faces[i]->faces[0]-1: 1 0 2 3 
2.....
faces[i]->texcoord[0]-1 5
faces[i]->faces[0]-1: 5 4 0 1 
3.....
data/weapon1/weapon0020.obj
newmtl Material
v 1.87189 2.68522 1.6649
v 3.23245 1.29843 1.18984
v 1.67323 2.24843 2.37104
v 3.03378 0.86163 1.89598
v -2.98671 -0.86163 -1.89598
v -1.62616 -2.24843 -2.37104
v -3.18537 -1.29843 -1.18984
v -1.82482 -2.68522 -1.6649
vn -0.6803 0.6934 0.2375
vn -0.2327 -0.5116 0.8271
vn -0.695 -0.5074 -0.5094
vn 0.6803 -0.6934 -0.2375
vn 0.695 0.5074 0.5094
vn 0.2327 0.5116 -0.8271
curmat=0
1 2 3 4 1 1 5 7 3
5 4 6 7 4 2 3 7 8
8 9 10 11 8 3 7 5 6
12 13 5 14 6 4 2 4 8
13 1 4 5 2 5 1 3 4
11 10 1 13 6 6 5 1 2
numvertex :8 6 6 1
1.....
2.....
faces[i]->texcoord[0]-1 0
faces[i]->faces[0]-1: 0 4 6 2 
2.....
faces[i]->texcoord[0]-1 1
faces[i]->faces[0]-1: 3 2 6 7 
2.....
faces[i]->texcoord[0]-1 2
faces[i]->faces[0]-1: 7 6 4 5 
2.....
faces[i]->texcoord[0]-1 3
faces[i]->faces[0]-1: 5 1 3 7 
2.....
faces[i]->texcoord[0]-1 4
faces[i]->faces[0]-1: 1 0 2 3 
2.....
faces[i]->texcoord[0]-1 5
faces[i]->faces[0]-1: 5 4 0 1 
3.....
data/weapon1/weapon0021.obj
newmtl Material
v 0.821916 3.11166 1.75469
v 2.57268 2.19786 1.43876
v 0.698066 2.63359 2.45111
v 2.44883 1.7198 2.13518
v -2.40176 -1.7198 -2.13518
v -0.650994 -2.63359 -2.45111
v -2.5256 -2.19786 -1.43876
v -0.774843 -3.11166 -1.75469
vn -0.8754 0.4569 0.158
vn -0.1451 -0.56 0.8157
vn -0.4612 -0.6912 -0.5565
vn 0.8754 -0.4569 -0.158
vn 0.4612 0.6912 0.5565
vn 0.1451 0.56 -0.8157
curmat=0
1 2 3 4 1 1 5 7 3
5 4 6 7 4 2 3 7 8
8 9 10 11 8 3 7 5 6
12 13 5 14 6 4 2 4 8
13 1 4 5 2 5 1 3 4
11 10 1 13 6 6 5 1 2
numvertex :8 6 6 1
1.....
2.....
faces[i]->texcoord[0]-1 0
faces[i]->faces[0]-1: 0 4 6 2 
2.....
faces[i]->texcoord[0]-1 1
faces[i]->faces[0]-1: 3 2 6 7 
2.....
faces[i]->texcoord[0]-1 2
faces[i]->faces[0]-1: 7 6 4 5 
2.....
faces[i]->texcoord[0]-1 3
faces[i]->faces[0]-1: 5 1 3 7 
2.....
faces[i]->texcoord[0]-1 4
faces[i]->faces[0]-1: 1 0 2 3 
2.....
faces[i]->texcoord[0]-1 5
faces[i]->faces[0]-1: 5 4 0 1 
3.....
data/weapon1/weapon0022.obj
newmtl Material
v -0.101665 3.37049 1.42226
v 1.83934 2.91135 1.275
v -0.145367 2.94819 2.16296
v 1.79564 2.48904 2.0157
v -1.74857 -2.48904 -2.0157
v 0.192439 -2.94819 -2.16296
v -1.79227 -2.91135 -1.275
v 0.148737 -3.37049 -1.42226
vn -0.9705 0.2296 0.0736
vn -0.0512 -0.4947 0.8676
vn -0.2356 -0.8382 -0.4918
vn 0.9705 -0.2296 -0.0736
vn 0.2356 0.8382 0.4918
vn 0.0512 0.4947 -0.8676
curmat=0
1 2 3 4 1 1 5 7 3
5 4 6 7 4 2 3 7 8
8 9 10 11 8 3 7 5 6
12 13 5 14 6 4 2 4 8
13 1 4 5 2 5 1 3 4
11 10 1 13 6 6 5 1 2
numvertex :8 6 6 1
1.....
2.....
faces[i]->texcoord[0]-1 0
faces[i]->faces[0]-1: 0 4 6 2 
2.....
faces[i]->texcoord[0]-1 1
faces[i]->faces[0]-1: 3 2 6 7 
2.....
faces[i]->texcoord[0]-1 2
faces[i]->faces[0]-1: 7 6 4 5 
2.....
faces[i]->texcoord[0]-1 3
faces[i]->faces[0]-1: 5 1 3 7 
2.....
faces[i]->texcoord[0]-1 4
faces[i]->faces[0]-1: 1 0 2 3 
2.....
faces[i]->texcoord[0]-1 5
faces[i]->faces[0]-1: 5 4 0 1 
3.....
data/weapon1/weapon0023.obj
newmtl Material
v -0.700002 3.48724 0.845208
v 1.29382 3.34175 0.786012
v -0.697994 3.18924 1.64526
v 1.29583 3.04375 1.58606
v -1.24876 -3.04375 -1.58606
v 0.745067 -3.18924 -1.64526
v -1.24675 -3.34175 -0.786012
v 0.747075 -3.48724 -0.845208
vn -0.9969 0.0727 0.0296
vn 0.0024 -0.349 0.9371
vn -0.0785 -0.9343 -0.3478
vn 0.9969 -0.0727 -0.0296
vn 0.0785 0.9343 0.3478
vn -0.0024 0.349 -0.9371
curmat=0
1 2 3 4 1 1 5 7 3
5 4 6 7 4 2 3 7 8
8 9 10 11 8 3 7 5 6
12 13 5 14 6 4 2 4 8
13 1 4 5 2 5 1 3 4
11 10 1 13 6 6 5 1 2
numvertex :8 6 6 1
1.....
2.....
faces[i]->texcoord[0]-1 0
faces[i]->faces[0]-1: 0 4 6 2 
2.....
faces[i]->texcoord[0]-1 1
faces[i]->faces[0]-1: 3 2 6 7 
2.....
faces[i]->texcoord[0]-1 2
faces[i]->faces[0]-1: 7 6 4 5 
2.....
faces[i]->texcoord[0]-1 3
faces[i]->faces[0]-1: 5 1 3 7 
2.....
faces[i]->texcoord[0]-1 4
faces[i]->faces[0]-1: 1 0 2 3 
2.....
faces[i]->texcoord[0]-1 5
faces[i]->faces[0]-1: 5 4 0 1 
3.....
data/weapon1/weapon0024.obj
newmtl Material
v -0.95997 3.5162 0.260304
v 1.0396 3.50973 0.21943
v -0.943356 3.35515 1.09856
v 1.05622 3.34867 1.05769
v -1.00914 -3.34867 -1.05769
v 0.990429 -3.35515 -1.09856
v -0.99253 -3.50973 -0.21943
v 1.00704 -3.5162 -0.260304
vn -0.9998 0.0032 0.0204
vn 0.0195 -0.1886 0.9819
vn -0.007 -0.982 -0.1885
vn 0.9998 -0.0032 -0.0204
vn 0.007 0.982 0.1885
vn -0.0195 0.1886 -0.9819
curmat=0
1 2 3 4 1 1 5 7 3
5 4 6 7 4 2 3 7 8
8 9 10 11 8 3 7 5 6
12 13 5 14 6 4 2 4 8
13 1 4 5 2 5 1 3 4
11 10 1 13 6 6 5 1 2
numvertex :8 6 6 1
1.....
2.....
faces[i]->texcoord[0]-1 0
faces[i]->faces[0]-1: 0 4 6 2 
2.....
faces[i]->texcoord[0]-1 1
faces[i]->faces[0]-1: 3 2 6 7 
2.....
faces[i]->texcoord[0]-1 2
faces[i]->faces[0]-1: 7 6 4 5 
2.....
faces[i]->texcoord[0]-1 3
faces[i]->faces[0]-1: 5 1 3 7 
2.....
faces[i]->texcoord[0]-1 4
faces[i]->faces[0]-1: 1 0 2 3 
2.....
faces[i]->texcoord[0]-1 5
faces[i]->faces[0]-1: 5 4 0 1 
3.....
data/weapon1/weapon0025.obj
newmtl Material
v -1.00775 3.5087 -0.155588
v 0.99169 3.52439 -0.200252
v -0.988257 3.44831 0.6958
v 1.01118 3.464 0.651136
v -0.964111 -3.464 -0.651136
v 1.03533 -3.44831 -0.6958
v -0.944618 -3.52439 0.200252
v 1.05482 -3.5087 0.155588
vn -0.9997 -0.0078 0.0223
vn 0.0228 -0.0707 0.9972
vn 0.0062 -0.9975 -0.0709
vn 0.9997 0.0078 -0.0223
vn -0.0062 0.9975 0.0709
vn -0.0228 0.0707 -0.9972
curmat=0
1 2 3 4 1 1 5 7 3
5 4 6 7 4 2 3 7 8
8 9 10 11 8 3 7 5 6
12 13 5 14 6 4 2 4 8
13 1 4 5 2 5 1 3 4
11 10 1 13 6 6 5 1 2
numvertex :8 6 6 1
1.....
2.....
faces[i]->texcoord[0]-1 0
faces[i]->faces[0]-1: 0 4 6 2 
2.....
faces[i]->texcoord[0]-1 1
faces[i]->faces[0]-1: 3 2 6 7 
2.....
faces[i]->texcoord[0]-1 2
