map.obj
newmtl None_brickwall.jpg
Opening image: brickwall.bmp
newmtl collision
newmtl None_a
Opening image: share/a.bmp
newmtl None_830.jpg
Opening image: 830.bmp
v 87.4259 8.44996 39.035
v 65.9449 -5.42275 38.7531
v 65.9449 8.44996 38.7531
v 76.6536 -5.42275 38.7531
v 87.4259 3.05032 39.035
v 76.6536 8.44996 38.7531
v 65.9449 1.51361 38.7531
v 76.6536 4.58704 38.7531
v 65.9449 -5.42275 71.5725
v 65.9449 1.51361 71.5725
v 65.9449 8.44996 71.5725
v 101.581 1.51361 71.5725
v 101.581 -5.42275 71.5725
v 101.581 8.44996 71.5725
v 101.581 1.51361 39.317
v 101.581 -5.42275 39.317
v 101.581 8.44996 39.317
v 87.4895 -5.42275 39.317
vn 0 0 1
vn -0.026163 0 0.999658
vn 1 0 0
vn 0 0 -1
vn -1 0 0
vn -0.008986 0.018256 0.999793
vn -0.019914 0 0.999802
vn -0 -1 0
curmat=0
1 2 3 4 6 1 3 7 8
1 2 3 4 1 2 6 8 5
1 2 3 4 8 1 7 2 4
1 2 3 4 2 3 7 10 9
1 2 3 4 7 3 3 11 10
1 2 3 4 9 4 10 12 13
1 2 3 4 10 4 11 14 12
1 2 3 4 13 5 12 15 16
1 2 3 4 12 5 14 17 15
1 2 3 4 16 6 15 5 18
3 4 1 2 1 7 5 15 17
1 2 3 4 3 8 17 14 11
v 189.61 -4.05303 36.8848
v 189.61 -4.05303 8.89058
v -176.497 -4.05303 8.89059
v -176.497 -4.05303 36.8848
curmat=3
5 6 7 8 19 8 22 21 20
v 188.747 -4.49354 -182.488
v 188.747 -4.49352 182.488
v -176.229 -4.49352 182.488
v -176.229 -4.49354 -182.488
v -176.229 -4.49352 182.488
v 188.747 -4.49352 182.488
v 188.747 -4.49354 -182.488
v -176.229 -4.49354 -182.488
v 8.53504 -0.080691 -2.22493
v 8.53504 -4.53055 -2.22493
v 4.08518 -4.53055 -2.22493
v 4.08518 -0.080691 -2.22493
v 8.53504 -0.080691 2.22493
v 8.53504 -4.53055 2.22493
v 4.08518 -4.53054 2.22493
v 4.08518 -0.080689 2.22493
v 101.663 -4.54064 38.4534
v 101.663 -4.54064 40.0713
v 87.295 -4.54064 40.0713
v 87.295 -4.54064 38.4534
v 101.663 8.58331 38.4534
v 101.663 8.58331 40.0713
v 87.295 8.58331 40.0713
v 87.295 8.58331 38.4534
v 87.295 8.58331 38.4534
v 87.295 8.58331 40.0713
v 101.663 8.58331 40.0713
v 101.663 8.58331 38.4534
v 87.295 -4.54064 38.4534
v 87.295 -4.54064 40.0713
v 101.663 -4.54064 40.0713
v 101.663 -4.54064 38.4534
v 4.08518 -0.080689 2.22493
v 4.08518 -4.53054 2.22493
v 8.53504 -4.53055 2.22493
v 8.53504 -0.080691 2.22493
v 4.08518 -0.080691 -2.22493
v 4.08518 -4.53055 -2.22493
v 8.53504 -4.53055 -2.22493
v 8.53504 -0.080691 -2.22493
v -176.229 -4.49354 -182.488
v 188.747 -4.49354 -182.488
v 188.747 -4.49352 182.488
v -176.229 -4.49352 182.488
v -176.229 -4.49354 -182.488
v -176.229 -4.49352 182.488
v 188.747 -4.49352 182.488
v 188.747 -4.49354 -182.488
v 78.2361 -4.43698 38.4534
v 78.2361 -4.43698 40.0713
v 63.8683 -4.43698 40.0713
v 63.8683 -4.43698 38.4534
v 78.2361 8.68696 38.4534
v 78.2361 8.68696 40.0713
v 63.8683 8.68696 40.0713
v 63.8683 8.68696 38.4534
v 63.8683 8.68696 38.4534
v 63.8683 8.68696 40.0713
v 78.2361 8.68696 40.0713
v 78.2361 8.68696 38.4534
v 63.8683 -4.43698 38.4534
v 63.8683 -4.43698 40.0713
v 78.2361 -4.43698 40.0713
v 78.2361 -4.43698 38.4534
v 102.481 -4.43698 40.3477
v 104.099 -4.43698 40.3477
v 104.099 -4.43698 71.5082
v 102.481 -4.43698 71.5082
v 102.481 8.68696 40.3477
v 104.099 8.68696 40.3477
v 104.099 8.68697 71.5082
v 102.481 8.68697 71.5082
v 102.481 8.68697 71.5082
v 104.099 8.68697 71.5082
v 104.099 8.68696 40.3477
v 102.481 8.68696 40.3477
v 102.481 -4.43698 71.5082
v 104.099 -4.43698 71.5082
v 104.099 -4.43698 40.3477
v 102.481 -4.43698 40.3477
v 63.9486 -4.43698 40.3477
v 65.5665 -4.43698 40.3477
v 65.5665 -4.43698 71.5082
v 63.9486 -4.43698 71.5082
v 63.9486 8.68696 40.3477
v 65.5665 8.68696 40.3477
v 65.5665 8.68697 71.5082
v 63.9486 8.68697 71.5082
v 63.9486 8.68697 71.5082
v 65.5665 8.68697 71.5082
v 65.5665 8.68696 40.3477
v 63.9486 8.68696 40.3477
v 63.9486 -4.43698 71.5082
v 65.5665 -4.43698 71.5082
v 65.5665 -4.43698 40.3477
v 63.9486 -4.43698 40.3477
v 64.4372 -4.43844 68.8689
v 64.4372 -4.43844 67.251
v 103.301 -4.43844 67.251
v 103.301 -4.43844 68.8689
v 64.4372 8.6855 68.8689
v 64.4372 8.6855 67.251
v 103.301 8.6855 67.251
v 103.301 8.6855 68.8689
v 103.301 8.6855 68.8689
v 103.301 8.6855 67.251
v 64.4372 8.6855 67.251
v 64.4372 8.6855 68.8689
v 103.301 -4.43844 68.8689
v 103.301 -4.43844 67.251
v 64.4372 -4.43844 67.251
v 64.4372 -4.43844 68.8689
v 64.0796 8.58619 39.4072
v 64.0796 10.2041 39.4072
v 102.944 10.2041 39.4072
v 102.944 8.5862 39.4072
v 64.0796 8.5862 70.6304
v 64.0796 10.2041 70.6304
v 102.944 10.2041 70.6304
v 102.944 8.5862 70.6304
v 102.944 8.5862 70.6304
v 102.944 10.2041 70.6304
v 64.0796 10.2041 70.6304
v 64.0796 8.5862 70.6304
v 102.944 8.5862 39.4072
v 102.944 10.2041 39.4072
v 64.0796 10.2041 39.4072
v 64.0796 8.58619 39.4072
v 89.1826 4.3494 38.4534
v 89.1826 4.3494 40.0713
v 74.8148 4.3494 40.0713
v 74.8148 4.3494 38.4534
v 89.1826 8.58331 38.4534
v 89.1826 8.58331 40.0713
v 74.8148 8.58331 40.0713
v 74.8148 8.58331 38.4534
v 74.8148 8.58331 38.4534
v 74.8148 8.58331 40.0713
v 89.1826 8.58331 40.0713
v 89.1826 8.58331 38.4534
v 74.8148 4.3494 38.4534
v 74.8148 4.3494 40.0713
v 89.1826 4.3494 40.0713
v 89.1826 4.3494 38.4534
v 32.0673 -4.44404 26.4358
v 32.0673 -4.44404 -24.1911
v -18.5596 -4.44404 -24.1911
v -18.5596 -4.44404 26.4358
vn 0 1 -0
v 8.29942 -4.45458 -2.04058
v 8.29942 -4.45458 2.04058
v 4.21826 -4.45458 2.04058
v 4.21826 -4.45458 -2.04058
v 8.29942 -0.373411 -2.04058
v 8.29942 -0.373411 2.04058
v 4.21826 -0.373411 2.04058
v 4.21826 -0.373411 -2.04058
v 187.804 -4.42934 -181.545
v 187.804 -4.42933 181.545
v -175.286 -4.42933 181.545
v -175.286 -4.42934 -181.545
numvertex :182 9 19 4
1.....
2.....
faces[i]->texcoord[0]-1 0
faces[i]->faces[0]-1: 5 2 6 7 
2.....
faces[i]->texcoord[0]-1 1
faces[i]->faces[0]-1: 0 5 7 4 
2.....
faces[i]->texcoord[0]-1 0
faces[i]->faces[0]-1: 7 6 1 3 
2.....
faces[i]->texcoord[0]-1 2
faces[i]->faces[0]-1: 1 6 9 8 
2.....
faces[i]->texcoord[0]-1 2
faces[i]->faces[0]-1: 6 2 10 9 
2.....
faces[i]->texcoord[0]-1 3
faces[i]->faces[0]-1: 8 9 11 12 
2.....
faces[i]->texcoord[0]-1 3
faces[i]->faces[0]-1: 9 10 13 11 
2.....
faces[i]->texcoord[0]-1 4
faces[i]->faces[0]-1: 12 11 14 15 
2.....
faces[i]->texcoord[0]-1 4
faces[i]->faces[0]-1: 11 13 16 14 
2.....
faces[i]->texcoord[0]-1 5
faces[i]->faces[0]-1: 15 14 4 17 
2.....
faces[i]->texcoord[0]-1 6
faces[i]->faces[0]-1: 0 4 14 16 
2.....
faces[i]->texcoord[0]-1 7
faces[i]->faces[0]-1: 2 16 13 10 
1.....
2.....
faces[i]->texcoord[0]-1 7
faces[i]->faces[0]-1: 18 21 20 19 
2.....
faces[i]->texcoord[0]-1 7
faces[i]->faces[0]-1: 170 171 172 173 
2.....
faces[i]->texcoord[0]-1 8
faces[i]->faces[0]-1: 174 177 176 175 
2.....
faces[i]->texcoord[0]-1 2
faces[i]->faces[0]-1: 170 174 175 171 
2.....
faces[i]->texcoord[0]-1 0
faces[i]->faces[0]-1: 171 175 176 172 
2.....
faces[i]->texcoord[0]-1 4
faces[i]->faces[0]-1: 172 176 177 173 
2.....
faces[i]->texcoord[0]-1 3
faces[i]->faces[0]-1: 174 170 173 177 
3.....
data/weapon1/weapon0001.obj
newmtl Material
v 3.49521 1 -0.426875
v 3.49521 -1 -0.426875
v 3.49521 1 0.426875
v 3.49521 -1 0.426875
v -3.49521 1 -0.426875
v -3.49521 -1 -0.426875
v -3.49521 1 0.426875
v -3.49521 -1 0.426875
vn -0 1 -0
vn -0 -0 1
vn -1 -0 -0
vn -0 -1 -0
vn 1 -0 -0
vn -0 -0 -1
curmat=0
1 2 3 4 1 1 5 7 3
5 4 6 7 4 2 3 7 8
8 9 10 11 8 3 7 5 6
12 13 5 14 6 4 2 4 8
13 1 4 5 2 5 1 3 4
11 10 1 13 6 6 5 1 2
numvertex :8 6 6 1
1.....
2.....
faces[i]->texcoord[0]-1 0
faces[i]->faces[0]-1: 0 4 6 2 
2.....
faces[i]->texcoord[0]-1 1
faces[i]->faces[0]-1: 3 2 6 7 
2.....
faces[i]->texcoord[0]-1 2
faces[i]->faces[0]-1: 7 6 4 5 
2.....
faces[i]->texcoord[0]-1 3
faces[i]->faces[0]-1: 5 1 3 7 
2.....
faces[i]->texcoord[0]-1 4
faces[i]->faces[0]-1: 1 0 2 3 
2.....
faces[i]->texcoord[0]-1 5
faces[i]->faces[0]-1: 5 4 0 1 
3.....
data/weapon1/weapon0002.obj
newmtl Material
v 3.47951 1.05333 -0.426875
v 3.51009 -0.94644 -0.426875
v 3.47951 1.05333 0.426875
v 3.51009 -0.94644 0.426875
v -3.51009 0.94644 -0.426875
v -3.47951 -1.05333 -0.426875
v -3.51009 0.94644 0.426875
v -3.47951 -1.05333 0.426875
vn -0.0153 0.9999 -0
vn -0 -0 1
vn -0.9999 -0.0153 -0
vn 0.0153 -0.9999 -0
vn 0.9999 0.0153 -0
vn -0 -0 -1
curmat=0
1 2 3 4 1 1 5 7 3
5 4 6 7 4 2 3 7 8
8 9 10 11 8 3 7 5 6
12 13 5 14 6 4 2 4 8
13 1 4 5 2 5 1 3 4
11 10 1 13 6 6 5 1 2
numvertex :8 6 6 1
1.....
2.....
faces[i]->texcoord[0]-1 0
faces[i]->faces[0]-1: 0 4 6 2 
2.....
faces[i]->texcoord[0]-1 1
faces[i]->faces[0]-1: 3 2 6 7 
2.....
faces[i]->texcoord[0]-1 2
faces[i]->faces[0]-1: 7 6 4 5 
2.....
faces[i]->texcoord[0]-1 3
faces[i]->faces[0]-1: 5 1 3 7 
2.....
faces[i]->texcoord[0]-1 4
faces[i]->faces[0]-1: 1 0 2 3 
2.....
faces[i]->texcoord[0]-1 5
faces[i]->faces[0]-1: 5 4 0 1 
3.....
data/weapon1/weapon0003.obj
newmtl Material
v 3.43528 1.18968 -0.426875
v 3.54468 -0.80732 -0.426875
v 3.43528 1.18968 0.426875
v 3.54468 -0.80732 0.426875
v -3.54468 0.80732 -0.426875
v -3.43528 -1.18968 -0.426875
v -3.54468 0.80732 0.426875
v -3.43528 -1.18968 0.426875
vn -0.0547 0.9985 -0
vn -0 -0 1
vn -0.9985 -0.0547 -0
vn 0.0547 -0.9985 -0
vn 0.9985 0.0547 -0
vn -0 -0 -1
curmat=0
1 2 3 4 1 1 5 7 3
5 4 6 7 4 2 3 7 8
8 9 10 11 8 3 7 5 6
12 13 5 14 6 4 2 4 8
13 1 4 5 2 5 1 3 4
11 10 1 13 6 6 5 1 2
numvertex :8 6 6 1
1.....
2.....
faces[i]->texcoord[0]-1 0
faces[i]->faces[0]-1: 0 4 6 2 
2.....
faces[i]->texcoord[0]-1 1
faces[i]->faces[0]-1: 3 2 6 7 
2.....
faces[i]->texcoord[0]-1 2
faces[i]->faces[0]-1: 7 6 4 5 
2.....
faces[i]->texcoord[0]-1 3
faces[i]->faces[0]-1: 5 1 3 7 
2.....
faces[i]->texcoord[0]-1 4
faces[i]->faces[0]-1: 1 0 2 3 
2.....
faces[i]->texcoord[0]-1 5
faces[i]->faces[0]-1: 5 4 0 1 
3.....
data/weapon1/weapon0004.obj
newmtl Material
v 3.36617 1.3731 -0.426875
v 3.58304 -0.615107 -0.426875
v 3.36617 1.3731 0.426875
v 3.58304 -0.615107 0.426875
v -3.58304 0.615107 -0.426875
v -3.36617 -1.3731 -0.426875
v -3.58304 0.615107 0.426875
v -3.36617 -1.3731 0.426875
vn -0.1084 0.9941 -0
vn -0 -0 1
vn -0.9941 -0.1084 -0
vn 0.1084 -0.9941 -0
vn 0.9941 0.1084 -0
vn -0 -0 -1
curmat=0
1 2 3 4 1 1 5 7 3
5 4 6 7 4 2 3 7 8
8 9 10 11 8 3 7 5 6
12 13 5 14 6 4 2 4 8
13 1 4 5 2 5 1 3 4
11 10 1 13 6 6 5 1 2
numvertex :8 6 6 1
1.....
2.....
faces[i]->texcoord[0]-1 0
faces[i]->faces[0]-1: 0 4 6 2 
2.....
faces[i]->texcoord[0]-1 1
faces[i]->faces[0]-1: 3 2 6 7 
2.....
faces[i]->texcoord[0]-1 2
faces[i]->faces[0]-1: 7 6 4 5 
2.....
faces[i]->texcoord[0]-1 3
faces[i]->faces[0]-1: 5 1 3 7 
2.....
faces[i]->texcoord[0]-1 4
faces[i]->faces[0]-1: 1 0 2 3 
2.....
faces[i]->texcoord[0]-1 5
faces[i]->faces[0]-1: 5 4 0 1 
3.....
data/weapon1/weapon0005.obj
newmtl Material
v 3.27974 1.56838 -0.426875
v 3.61297 -0.403665 -0.426875
v 3.27974 1.56838 0.426875
v 3.61297 -0.403665 0.426875
v -3.61297 0.403665 -0.426875
v -3.27974 -1.56838 -0.426875
v -3.61297 0.403665 0.426875
v -3.27974 -1.56838 0.426875
vn -0.1666 0.986 -0
vn -0 -0 1
vn -0.986 -0.1666 -0
vn 0.1666 -0.986 -0
vn 0.986 0.1666 -0
vn -0 -0 -1
curmat=0
1 2 3 4 1 1 5 7 3
5 4 6 7 4 2 3 7 8
8 9 10 11 8 3 7 5 6
12 13 5 14 6 4 2 4 8
13 1 4 5 2 5 1 3 4
11 10 1 13 6 6 5 1 2
numvertex :8 6 6 1
1.....
2.....
faces[i]->texcoord[0]-1 0
faces[i]->faces[0]-1: 0 4 6 2 
2.....
faces[i]->texcoord[0]-1 1
faces[i]->faces[0]-1: 3 2 6 7 
2.....
faces[i]->texcoord[0]-1 2
faces[i]->faces[0]-1: 7 6 4 5 
2.....
faces[i]->texcoord[0]-1 3
faces[i]->faces[0]-1: 5 1 3 7 
2.....
faces[i]->texcoord[0]-1 4
faces[i]->faces[0]-1: 1 0 2 3 
2.....
faces[i]->texcoord[0]-1 5
faces[i]->faces[0]-1: 5 4 0 1 
3.....
data/weapon1/weapon0006.obj
newmtl Material
v 3.19045 1.74286 -0.426875
v 3.62948 -0.208358 -0.426875
v 3.19045 1.74286 0.426875
v 3.62948 -0.208358 0.426875
v -3.62948 0.208358 -0.426875
v -3.19045 -1.74286 -0.426875
v -3.62948 0.208358 0.426875
v -3.19045 -1.74286 0.426875
vn -0.2195 0.9756 -0
vn -0 -0 1
vn -0.9756 -0.2195 -0
vn 0.2195 -0.9756 -0
vn 0.9756 0.2195 -0
vn -0 -0 -1
curmat=0
1 2 3 4 1 1 5 7 3
5 4 6 7 4 2 3 7 8
8 9 10 11 8 3 7 5 6
12 13 5 14 6 4 2 4 8
13 1 4 5 2 5 1 3 4
11 10 1 13 6 6 5 1 2
numvertex :8 6 6 1
1.....
2.....
faces[i]->texcoord[0]-1 0
faces[i]->faces[0]-1: 0 4 6 2 
2.....
faces[i]->texcoord[0]-1 1
faces[i]->faces[0]-1: 3 2 6 7 
2.....
faces[i]->texcoord[0]-1 2
faces[i]->faces[0]-1: 7 6 4 5 
2.....
faces[i]->texcoord[0]-1 3
faces[i]->faces[0]-1: 5 1 3 7 
2.....
faces[i]->texcoord[0]-1 4
faces[i]->faces[0]-1: 1 0 2 3 
2.....
faces[i]->texcoord[0]-1 5
faces[i]->faces[0]-1: 5 4 0 1 
3.....
data/weapon1/weapon0007.obj
newmtl Material
v 3.11926 1.86729 -0.426875
v 3.63487 -0.065106 -0.426875
v 3.11926 1.86729 0.426875
v 3.63487 -0.065106 0.426875
v -3.63487 0.065106 -0.426875
v -3.11926 -1.86729 -0.426875
v -3.63487 0.065106 0.426875
v -3.11926 -1.86729 0.426875
vn -0.2578 0.9662 -0
vn -0 -0 1
vn -0.9662 -0.2578 -0
vn 0.2578 -0.9662 -0
vn 0.9662 0.2578 -0
vn -0 -0 -1
curmat=0
1 2 3 4 1 1 5 7 3
5 4 6 7 4 2 3 7 8
8 9 10 11 8 3 7 5 6
12 13 5 14 6 4 2 4 8
13 1 4 5 2 5 1 3 4
11 10 1 13 6 6 5 1 2
numvertex :8 6 6 1
1.....
2.....
faces[i]->texcoord[0]-1 0
faces[i]->faces[0]-1: 0 4 6 2 
2.....
faces[i]->texcoord[0]-1 1
faces[i]->faces[0]-1: 3 2 6 7 
2.....
faces[i]->texcoord[0]-1 2
faces[i]->faces[0]-1: 7 6 4 5 
2.....
faces[i]->texcoord[0]-1 3
faces[i]->faces[0]-1: 5 1 3 7 
2.....
faces[i]->texcoord[0]-1 4
faces[i]->faces[0]-1: 1 0 2 3 
2.....
faces[i]->texcoord[0]-1 5
faces[i]->faces[0]-1: 5 4 0 1 
3.....
data/weapon1/weapon0008.obj
newmtl Material
v 3.09034 1.91476 -0.426875
v 3.63544 -0.009519 -0.426875
v 3.09034 1.91476 0.426875
v 3.63544 -0.009519 0.426875
v -3.63544 0.009519 -0.426875
v -3.09034 -1.91476 -0.426875
v -3.63544 0.009519 0.426875
v -3.09034 -1.91476 0.426875
vn -0.2726 0.9621 -0
vn -0 -0 1
vn -0.9621 -0.2726 -0
vn 0.2726 -0.9621 -0
vn 0.9621 0.2726 -0
vn -0 -0 -1
curmat=0
1 2 3 4 1 1 5 7 3
5 4 6 7 4 2 3 7 8
8 9 10 11 8 3 7 5 6
12 13 5 14 6 4 2 4 8
13 1 4 5 2 5 1 3 4
11 10 1 13 6 6 5 1 2
numvertex :8 6 6 1
1.....
2.....
faces[i]->texcoord[0]-1 0
faces[i]->faces[0]-1: 0 4 6 2 
2.....
faces[i]->texcoord[0]-1 1
faces[i]->faces[0]-1: 3 2 6 7 
2.....
faces[i]->texcoord[0]-1 2
faces[i]->faces[0]-1: 7 6 4 5 
2.....
faces[i]->texcoord[0]-1 3
faces[i]->faces[0]-1: 5 1 3 7 
2.....
faces[i]->texcoord[0]-1 4
faces[i]->faces[0]-1: 1 0 2 3 
2.....
faces[i]->texcoord[0]-1 5
faces[i]->faces[0]-1: 5 4 0 1 
3.....
data/weapon1/weapon0009.obj
newmtl Material
v 3.11524 1.87571 -0.426664
v 3.63606 -0.05529 -0.426726
v 3.11521 1.87567 0.427086
v 3.63602 -0.055327 0.427024
v -3.634 0.055327 -0.427024
v -3.11318 -1.87567 -0.427086
v -3.63404 0.05529 0.426726
v -3.11322 -1.87571 0.426664
vn -0.2604 0.9655 -0
vn -0 -0 1
vn -0.9655 -0.2604 -0.0001
vn 0.2604 -0.9655 -0
vn 0.9655 0.2604 0.0001
vn -0 -0 -1
curmat=0
1 2 3 4 1 1 5 7 3
5 4 6 7 4 2 3 7 8
8 9 10 11 8 3 7 5 6
12 13 5 14 6 4 2 4 8
13 1 4 5 2 5 1 3 4
11 10 1 13 6 6 5 1 2
numvertex :8 6 6 1
1.....
2.....
faces[i]->texcoord[0]-1 0
faces[i]->faces[0]-1: 0 4 6 2 
2.....
faces[i]->texcoord[0]-1 1
faces[i]->faces[0]-1: 3 2 6 7 
2.....
faces[i]->texcoord[0]-1 2
faces[i]->faces[0]-1: 7 6 4 5 
2.....
faces[i]->texcoord[0]-1 3
faces[i]->faces[0]-1: 5 1 3 7 
2.....
faces[i]->texcoord[0]-1 4
faces[i]->faces[0]-1: 1 0 2 3 
2.....
faces[i]->texcoord[0]-1 5
faces[i]->faces[0]-1: 5 4 0 1 
3.....
data/weapon1/weapon0010.obj
newmtl Material
v 3.17859 1.77141 -0.425161
v 3.63502 -0.175815 -0.425686
v 3.1783 1.77111 0.428588
v 3.63472 -0.176114 0.428064
v -3.62737 0.176114 -0.428064
v -3.17094 -1.77111 -0.428588
v -3.62766 0.175815 0.425686
v -3.17124 -1.77141 0.425161
vn -0.2282 0.9736 0.0003
vn -0.0003 -0.0004 1
vn -0.9736 -0.2282 -0.0004
vn 0.2282 -0.9736 -0.0003
vn 0.9736 0.2282 0.0004
vn 0.0003 0.0004 -1
curmat=0
1 2 3 4 1 1 5 7 3
5 4 6 7 4 2 3 7 8
8 9 10 11 8 3 7 5 6
12 13 5 14 6 4 2 4 8
13 1 4 5 2 5 1 3 4
11 10 1 13 6 6 5 1 2
numvertex :8 6 6 1
1.....
2.....
faces[i]->texcoord[0]-1 0
faces[i]->faces[0]-1: 0 4 6 2 
2.....
faces[i]->texcoord[0]-1 1
faces[i]->faces[0]-1: 3 2 6 7 
2.....
faces[i]->texcoord[0]-1 2
faces[i]->faces[0]-1: 7 6 4 5 
2.....
faces[i]->texcoord[0]-1 3
faces[i]->faces[0]-1: 5 1 3 7 
2.....
faces[i]->texcoord[0]-1 4
faces[i]->faces[0]-1: 1 0 2 3 
2.....
faces[i]->texcoord[0]-1 5
faces[i]->faces[0]-1: 5 4 0 1 
3.....
data/weapon1/weapon0011.obj
newmtl Material
v 3.26236 1.62082 -0.420977
v 3.6269 -0.345675 -0.42288
v 3.26132 1.6198 0.432772
v 3.62586 -0.346694 0.430869
v -3.61096 0.346694 -0.430869
v -3.24642 -1.6198 -0.432772
v -3.612 0.345675 0.42288
v -3.24746 -1.62082 0.420977
vn -0.1823 0.9832 0.001
vn -0.0012 -0.0012 1
vn -0.9832 -0.1823 -0.0014
vn 0.1823 -0.9832 -0.001
vn 0.9832 0.1823 0.0014
vn 0.0012 0.0012 -1
curmat=0
1 2 3 4 1 1 5 7 3
5 4 6 7 4 2 3 7 8
8 9 10 11 8 3 7 5 6
12 13 5 14 6 4 2 4 8
13 1 4 5 2 5 1 3 4
11 10 1 13 6 6 5 1 2
numvertex :8 6 6 1
1.....
2.....
faces[i]->texcoord[0]-1 0
faces[i]->faces[0]-1: 0 4 6 2 
2.....
faces[i]->texcoord[0]-1 1
faces[i]->faces[0]-1: 3 2 6 7 
2.....
faces[i]->texcoord[0]-1 2
faces[i]->faces[0]-1: 7 6 4 5 
2.....
faces[i]->texcoord[0]-1 3
faces[i]->faces[0]-1: 5 1 3 7 
2.....
faces[i]->texcoord[0]-1 4
faces[i]->faces[0]-1: 1 0 2 3 
2.....
faces[i]->texcoord[0]-1 5
faces[i]->faces[0]-1: 5 4 0 1 
3.....
data/weapon1/weapon0012.obj
newmtl Material
v 3.34988 1.44412 -0.41261
v 3.60812 -0.539133 -0.417484
v 3.34729 1.44168 0.441132
v 3.60553 -0.541569 0.436258
v -3.58199 0.541569 -0.436258
v -3.32375 -1.44168 -0.441132
v -3.58459 0.539133 0.417484
v -3.32635 -1.44412 0.41261
vn -0.1291 0.9916 0.0024
vn -0.003 -0.0029 1
vn -0.9916 -0.1291 -0.0034
vn 0.1291 -0.9916 -0.0024
vn 0.9916 0.1291 0.0034
vn 0.003 0.0029 -1
curmat=0
1 2 3 4 1 1 5 7 3
5 4 6 7 4 2 3 7 8
8 9 10 11 8 3 7 5 6
12 13 5 14 6 4 2 4 8
13 1 4 5 2 5 1 3 4
11 10 1 13 6 6 5 1 2
numvertex :8 6 6 1
1.....
2.....
faces[i]->texcoord[0]-1 0
faces[i]->faces[0]-1: 0 4 6 2 
2.....
faces[i]->texcoord[0]-1 1
faces[i]->faces[0]-1: 3 2 6 7 
2.....
faces[i]->texcoord[0]-1 2
faces[i]->faces[0]-1: 7 6 4 5 
2.....
faces[i]->texcoord[0]-1 3
faces[i]->faces[0]-1: 5 1 3 7 
2.....
faces[i]->texcoord[0]-1 4
faces[i]->faces[0]-1: 1 0 2 3 
2.....
faces[i]->texcoord[0]-1 5
faces[i]->faces[0]-1: 5 4 0 1 
3.....
data/weapon1/weapon0013.obj
newmtl Material
v 3.42827 1.26369 -0.398522
v 3.57951 -0.730553 -0.408754
v 3.42295 1.25891 0.455198
v 3.57418 -0.735337 0.444966
v -3.542 0.735337 -0.444966
v -3.39077 -1.25891 -0.455198
v -3.54733 0.730553 0.408754
v -3.39609 -1.26369 0.398522
vn -0.0756 0.9971 0.0051
vn -0.0062 -0.0056 1
vn -0.9971 -0.0756 -0.0066
vn 0.0756 -0.9971 -0.0051
vn 0.9971 0.0756 0.0066
vn 0.0062 0.0056 -1
curmat=0
1 2 3 4 1 1 5 7 3
5 4 6 7 4 2 3 7 8
8 9 10 11 8 3 7 5 6
12 13 5 14 6 4 2 4 8
13 1 4 5 2 5 1 3 4
11 10 1 13 6 6 5 1 2
numvertex :8 6 6 1
1.....
2.....
faces[i]->texcoord[0]-1 0
faces[i]->faces[0]-1: 0 4 6 2 
2.....
faces[i]->texcoord[0]-1 1
faces[i]->faces[0]-1: 3 2 6 7 
2.....
faces[i]->texcoord[0]-1 2
faces[i]->faces[0]-1: 7 6 4 5 
2.....
faces[i]->texcoord[0]-1 3
faces[i]->faces[0]-1: 5 1 3 7 
2.....
faces[i]->texcoord[0]-1 4
faces[i]->faces[0]-1: 1 0 2 3 
2.....
faces[i]->texcoord[0]-1 5
faces[i]->faces[0]-1: 5 4 0 1 
3.....
data/weapon1/weapon0014.obj
newmtl Material
v 3.48938 1.10401 -0.377223
v 3.54701 -0.895074 -0.395982
v 3.47979 1.09572 0.476433
v 3.53742 -0.903361 0.457674
v -3.4977 0.903361 -0.457674
v -3.44007 -1.09572 -0.476433
v -3.50729 0.895074 0.395982
v -3.44967 -1.10401 0.377223
vn -0.0288 0.9995 0.0094
vn -0.0112 -0.0097 0.9999
vn -0.9995 -0.0287 -0.0115
vn 0.0288 -0.9995 -0.0094
vn 0.9995 0.0287 0.0115
vn 0.0112 0.0097 -0.9999
curmat=0
1 2 3 4 1 1 5 7 3
5 4 6 7 4 2 3 7 8
8 9 10 11 8 3 7 5 6
12 13 5 14 6 4 2 4 8
13 1 4 5 2 5 1 3 4
11 10 1 13 6 6 5 1 2
numvertex :8 6 6 1
1.....
2.....
faces[i]->texcoord[0]-1 0
faces[i]->faces[0]-1: 0 4 6 2 
2.....
faces[i]->texcoord[0]-1 1
faces[i]->faces[0]-1: 3 2 6 7 
2.....
faces[i]->texcoord[0]-1 2
faces[i]->faces[0]-1: 7 6 4 5 
2.....
faces[i]->texcoord[0]-1 3
faces[i]->faces[0]-1: 5 1 3 7 
2.....
faces[i]->texcoord[0]-1 4
faces[i]->faces[0]-1: 1 0 2 3 
2.....
faces[i]->texcoord[0]-1 5
faces[i]->faces[0]-1: 5 4 0 1 
3.....
data/weapon1/weapon0015.obj
newmtl Material
v 3.52917 0.990725 -0.347353
v 3.52073 -1.00902 -0.378352
v 3.5135 0.97756 0.506151
v 3.50507 -1.02218 0.475153
v -3.46002 1.02218 -0.475153
v -3.46845 -0.97756 -0.506151
v -3.47568 1.00902 0.378352
v -3.48412 -0.990725 0.347353
vn 0.0042 0.9999 0.0155
vn -0.0183 -0.0154 0.9997
vn -0.9998 0.0045 -0.0183
vn -0.0042 -0.9999 -0.0155
vn 0.9998 -0.0045 0.0183
vn 0.0183 0.0154 -0.9997
curmat=0
1 2 3 4 1 1 5 7 3
5 4 6 7 4 2 3 7 8
8 9 10 11 8 3 7 5 6
12 13 5 14 6 4 2 4 8
13 1 4 5 2 5 1 3 4
11 10 1 13 6 6 5 1 2
numvertex :8 6 6 1
1.....
2.....
faces[i]->texcoord[0]-1 0
faces[i]->faces[0]-1: 0 4 6 2 
2.....
faces[i]->texcoord[0]-1 1
faces[i]->faces[0]-1: 3 2 6 7 
2.....
faces[i]->texcoord[0]-1 2
faces[i]->faces[0]-1: 7 6 4 5 
2.....
faces[i]->texcoord[0]-1 3
faces[i]->faces[0]-1: 5 1 3 7 
2.....
faces[i]->texcoord[0]-1 4
faces[i]->faces[0]-1: 1 0 2 3 
2.....
faces[i]->texcoord[0]-1 5
faces[i]->faces[0]-1: 5 4 0 1 
3.....
data/weapon1/weapon0016.obj
newmtl Material
v 3.54521 0.949662 -0.30776
v 3.5123 -1.04952 -0.354708
v 3.52158 0.930015 0.545437
v 3.48867 -1.06916 0.498489
v -3.4416 1.06916 -0.498489
v -3.47451 -0.930015 -0.545437
v -3.46522 1.04952 0.354708
v -3.49813 -0.949662 0.30776
vn 0.0165 0.9996 0.0235
vn -0.0277 -0.023 0.9994
vn -0.9995 0.0171 -0.0273
vn -0.0165 -0.9996 -0.0235
vn 0.9995 -0.0171 0.0273
vn 0.0277 0.023 -0.9994
curmat=0
1 2 3 4 1 1 5 7 3
5 4 6 7 4 2 3 7 8
8 9 10 11 8 3 7 5 6
12 13 5 14 6 4 2 4 8
13 1 4 5 2 5 1 3 4
11 10 1 13 6 6 5 1 2
numvertex :8 6 6 1
1.....
2.....
faces[i]->texcoord[0]-1 0
faces[i]->faces[0]-1: 0 4 6 2 
2.....
faces[i]->texcoord[0]-1 1
faces[i]->faces[0]-1: 3 2 6 7 
2.....
faces[i]->texcoord[0]-1 2
faces[i]->faces[0]-1: 7 6 4 5 
2.....
faces[i]->texcoord[0]-1 3
faces[i]->faces[0]-1: 5 1 3 7 
2.....
faces[i]->texcoord[0]-1 4
faces[i]->faces[0]-1: 1 0 2 3 
2.....
faces[i]->texcoord[0]-1 5
faces[i]->faces[0]-1: 5 4 0 1 
3.....
data/weapon1/weapon0017.obj
newmtl Material
v 3.507 1.12271 -0.060888
v 3.57265 -0.870538 -0.211341
v 3.43858 1.05642 0.78753
v 3.50423 -0.936831 0.637076
v -3.45715 0.936831 -0.637076
v -3.39151 -1.05642 -0.78753
v -3.52558 0.870538 0.211341
v -3.45993 -1.12271 0.060888
vn -0.0328 0.9966 0.0752
vn -0.0801 -0.0776 0.9938
vn -0.9962 -0.0266 -0.0824
vn 0.0328 -0.9966 -0.0752
vn 0.9962 0.0266 0.0824
vn 0.0801 0.0776 -0.9938
curmat=0
1 2 3 4 1 1 5 7 3
5 4 6 7 4 2 3 7 8
8 9 10 11 8 3 7 5 6
12 13 5 14 6 4 2 4 8
13 1 4 5 2 5 1 3 4
11 10 1 13 6 6 5 1 2
numvertex :8 6 6 1
1.....
2.....
faces[i]->texcoord[0]-1 0
faces[i]->faces[0]-1: 0 4 6 2 
2.....
faces[i]->texcoord[0]-1 1
faces[i]->faces[0]-1: 3 2 6 7 
2.....
faces[i]->texcoord[0]-1 2
faces[i]->faces[0]-1: 7 6 4 5 
2.....
faces[i]->texcoord[0]-1 3
faces[i]->faces[0]-1: 5 1 3 7 
2.....
faces[i]->texcoord[0]-1 4
faces[i]->faces[0]-1: 1 0 2 3 
2.....
faces[i]->texcoord[0]-1 5
faces[i]->faces[0]-1: 5 4 0 1 
3.....
data/weapon1/weapon0018.obj
newmtl Material
v 3.29586 1.56174 0.501625
v 3.66172 -0.37316 0.151914
v 3.14322 1.38448 1.3227
v 3.50909 -0.550422 0.972991
v -3.46201 0.550422 -0.972991
v -3.09614 -1.38448 -1.3227
v -3.61465 0.37316 -0.151914
v -3.24878 -1.56174 -0.501625
vn -0.1829 0.9675 0.1749
vn -0.1788 -0.2076 0.9617
vn -0.9667 -0.1447 -0.2109
vn 0.1829 -0.9675 -0.1749
vn 0.9667 0.1447 0.2109
vn 0.1788 0.2076 -0.9617
curmat=0
1 2 3 4 1 1 5 7 3
5 4 6 7 4 2 3 7 8
8 9 10 11 8 3 7 5 6
12 13 5 14 6 4 2 4 8
13 1 4 5 2 5 1 3 4
11 10 1 13 6 6 5 1 2
numvertex :8 6 6 1
1.....
2.....
faces[i]->texcoord[0]-1 0
faces[i]->faces[0]-1: 0 4 6 2 
2.....
faces[i]->texcoord[0]-1 1
faces[i]->faces[0]-1: 3 2 6 7 
2.....
faces[i]->texcoord[0]-1 2
faces[i]->faces[0]-1: 7 6 4 5 
2.....
faces[i]->texcoord[0]-1 3
faces[i]->faces[0]-1: 5 1 3 7 
2.....
faces[i]->texcoord[0]-1 4
faces[i]->faces[0]-1: 1 0 2 3 
2.....
faces[i]->texcoord[0]-1 5
faces[i]->faces[0]-1: 5 4 0 1 
3.....
data/weapon1/weapon0019.obj
newmtl Material
v 2.75884 2.13141 1.17217
v 3.60005 0.385758 0.67712
v 2.54681 1.81281 1.93534
v 3.38803 0.067159 1.44029
v -3.34095 -0.067159 -1.44029
v -2.49974 -1.81281 -1.93534
v -3.55297 -0.385758 -0.67712
v -2.71176 -2.13141 -1.17217
vn -0.4206 0.8728 0.2475
vn -0.2483 -0.3732 0.8939
vn -0.8726 -0.3145 -0.3737
vn 0.4206 -0.8728 -0.2475
vn 0.8726 0.3145 0.3737
vn 0.2483 0.3732 -0.8939
curmat=0
1 2 3 4 1 1 5 7 3
5 4 6 7 4 2 3 7 8
8 9 10 11 8 3 7 5 6
12 13 5 14 6 4 2 4 8
13 1 4 5 2 5 1 3 4
11 10 1 13 6 6 5 1 2
numvertex :8 6 6 1
1.....
2.....
faces[i]->texcoord[0]-1 0
faces[i]->faces[0]-1: 0 4 6 2 
2.....
faces[i]->texcoord[0]-1 1
faces[i]->faces[0]-1: 3 2 6 7 
2.....
faces[i]->texcoord[0]-1 2
faces[i]->faces[0]-1: 7 6 4 5 
2.....
faces[i]->texcoord[0]-1 3
faces[i]->faces[0]-1: 5 1 3 7 
2.....
faces[i]->texcoord[0]-1 4
faces[i]->faces[0]-1: 1 0 2 3 
2.....
faces[i]->texcoord[0]-1 5
faces[i]->faces[0]-1: 5 4 0 1 
3.....
data/weapon1/weapon0020.obj
newmtl Material
v 1.87189 2.68522 1.6649
v 3.23245 1.29843 1.18984
v 1.67323 2.24843 2.37104
v 3.03378 0.86163 1.89598
v -2.98671 -0.86163 -1.89598
v -1.62616 -2.24843 -2.37104
v -3.18537 -1.29843 -1.18984
v -1.82482 -2.68522 -1.6649
vn -0.6803 0.6934 0.2375
vn -0.2327 -0.5116 0.8271
vn -0.695 -0.5074 -0.5094
vn 0.6803 -0.6934 -0.2375
vn 0.695 0.5074 0.5094
vn 0.2327 0.5116 -0.8271
curmat=0
1 2 3 4 1 1 5 7 3
5 4 6 7 4 2 3 7 8
8 9 10 11 8 3 7 5 6
12 13 5 14 6 4 2 4 8
13 1 4 5 2 5 1 3 4
11 10 1 13 6 6 5 1 2
numvertex :8 6 6 1
1.....
2.....
faces[i]->texcoord[0]-1 0
faces[i]->faces[0]-1: 0 4 6 2 
2.....
faces[i]->texcoord[0]-1 1
faces[i]->faces[0]-1: 3 2 6 7 
2.....
faces[i]->texcoord[0]-1 2
faces[i]->faces[0]-1: 7 6 4 5 
2.....
faces[i]->texcoord[0]-1 3
faces[i]->faces[0]-1: 5 1 3 7 
2.....
faces[i]->texcoord[0]-1 4
faces[i]->faces[0]-1: 1 0 2 3 
2.....
faces[i]->texcoord[0]-1 5
faces[i]->faces[0]-1: 5 4 0 1 
3.....
data/weapon1/weapon0021.obj
newmtl Material
v 0.821916 3.11166 1.75469
v 2.57268 2.19786 1.43876
v 0.698066 2.63359 2.45111
v 2.44883 1.7198 2.13518
v -2.40176 -1.7198 -2.13518
v -0.650994 -2.63359 -2.45111
v -2.5256 -2.19786 -1.43876
v -0.774843 -3.11166 -1.75469
vn -0.8754 0.4569 0.158
vn -0.1451 -0.56 0.8157
vn -0.4612 -0.6912 -0.5565
vn 0.8754 -0.4569 -0.158
vn 0.4612 0.6912 0.5565
vn 0.1451 0.56 -0.8157
curmat=0
1 2 3 4 1 1 5 7 3
5 4 6 7 4 2 3 7 8
8 9 10 11 8 3 7 5 6
12 13 5 14 6 4 2 4 8
13 1 4 5 2 5 1 3 4
11 10 1 13 6 6 5 1 2
numvertex :8 6 6 1
1.....
2.....
faces[i]->texcoord[0]-1 0
faces[i]->faces[0]-1: 0 4 6 2 
2.....
faces[i]->texcoord[0]-1 1
faces[i]->faces[0]-1: 3 2 6 7 
2.....
faces[i]->texcoord[0]-1 2
faces[i]->faces[0]-1: 7 6 4 5 
2.....
faces[i]->texcoord[0]-1 3
faces[i]->faces[0]-1: 5 1 3 7 
2.....
faces[i]->texcoord[0]-1 4
faces[i]->faces[0]-1: 1 0 2 3 
2.....
faces[i]->texcoord[0]-1 5
faces[i]->faces[0]-1: 5 4 0 1 
3.....
data/weapon1/weapon0022.obj
newmtl Material
v -0.101665 3.37049 1.42226
v 1.83934 2.91135 1.275
v -0.145367 2.94819 2.16296
v 1.79564 2.48904 2.0157
v -1.74857 -2.48904 -2.0157
v 0.192439 -2.94819 -2.16296
v -1.79227 -2.91135 -1.275
v 0.148737 -3.37049 -1.42226
vn -0.9705 0.2296 0.0736
vn -0.0512 -0.4947 0.8676
vn -0.2356 -0.8382 -0.4918
vn 0.9705 -0.2296 -0.0736
vn 0.2356 0.8382 0.4918
vn 0.0512 0.4947 -0.8676
curmat=0
1 2 3 4 1 1 5 7 3
5 4 6 7 4 2 3 7 8
8 9 10 11 8 3 7 5 6
12 13 5 14 6 4 2 4 8
13 1 4 5 2 5 1 3 4
11 10 1 13 6 6 5 1 2
numvertex :8 6 6 1
1.....
2.....
faces[i]->texcoord[0]-1 0
faces[i]->faces[0]-1: 0 4 6 2 
2.....
faces[i]->texcoord[0]-1 1
faces[i]->faces[0]-1: 3 2 6 7 
2.....
faces[i]->texcoord[0]-1 2
faces[i]->faces[0]-1: 7 6 4 5 
2.....
faces[i]->texcoord[0]-1 3
faces[i]->faces[0]-1: 5 1 3 7 
2.....
faces[i]->texcoord[0]-1 4
faces[i]->faces[0]-1: 1 0 2 3 
2.....
faces[i]->texcoord[0]-1 5
faces[i]->faces[0]-1: 5 4 0 1 
3.....
data/weapon1/weapon0023.obj
newmtl Material
v -0.700002 3.48724 0.845208
v 1.29382 3.34175 0.786012
v -0.697994 3.18924 1.64526
v 1.29583 3.04375 1.58606
v -1.24876 -3.04375 -1.58606
v 0.745067 -3.18924 -1.64526
v -1.24675 -3.34175 -0.786012
v 0.747075 -3.48724 -0.845208
vn -0.9969 0.0727 0.0296
vn 0.0024 -0.349 0.9371
vn -0.0785 -0.9343 -0.3478
vn 0.9969 -0.0727 -0.0296
vn 0.0785 0.9343 0.3478
vn -0.0024 0.349 -0.9371
curmat=0
1 2 3 4 1 1 5 7 3
5 4 6 7 4 2 3 7 8
8 9 10 11 8 3 7 5 6
12 13 5 14 6 4 2 4 8
13 1 4 5 2 5 1 3 4
11 10 1 13 6 6 5 1 2
numvertex :8 6 6 1
1.....
2.....
faces[i]->texcoord[0]-1 0
faces[i]->faces[0]-1: 0 4 6 2 
2.....
faces[i]->texcoord[0]-1 1
faces[i]->faces[0]-1: 3 2 6 7 
2.....
faces[i]->texcoord[0]-1 2
faces[i]->faces[0]-1: 7 6 4 5 
2.....
faces[i]->texcoord[0]-1 3
faces[i]->faces[0]-1: 5 1 3 7 
2.....
faces[i]->texcoord[0]-1 4
faces[i]->faces[0]-1: 1 0 2 3 
2.....
faces[i]->texcoord[0]-1 5
faces[i]->faces[0]-1: 5 4 0 1 
3.....
data/weapon1/weapon0024.obj
newmtl Material
v -0.95997 3.5162 0.260304
v 1.0396 3.50973 0.21943
v -0.943356 3.35515 1.09856
v 1.05622 3.34867 1.05769
v -1.00914 -3.34867 -1.05769
v 0.990429 -3.35515 -1.09856
v -0.99253 -3.50973 -0.21943
v 1.00704 -3.5162 -0.260304
vn -0.9998 0.0032 0.0204
vn 0.0195 -0.1886 0.9819
vn -0.007 -0.982 -0.1885
vn 0.9998 -0.0032 -0.0204
vn 0.007 0.982 0.1885
vn -0.0195 0.1886 -0.9819
curmat=0
1 2 3 4 1 1 5 7 3
5 4 6 7 4 2 3 7 8
8 9 10 11 8 3 7 5 6
12 13 5 14 6 4 2 4 8
13 1 4 5 2 5 1 3 4
11 10 1 13 6 6 5 1 2
numvertex :8 6 6 1
1.....
2.....
faces[i]->texcoord[0]-1 0
faces[i]->faces[0]-1: 0 4 6 2 
2.....
faces[i]->texcoord[0]-1 1
faces[i]->faces[0]-1: 3 2 6 7 
2.....
faces[i]->texcoord[0]-1 2
faces[i]->faces[0]-1: 7 6 4 5 
2.....
faces[i]->texcoord[0]-1 3
faces[i]->faces[0]-1: 5 1 3 7 
2.....
faces[i]->texcoord[0]-1 4
faces[i]->faces[0]-1: 1 0 2 3 
2.....
faces[i]->texcoord[0]-1 5
faces[i]->faces[0]-1: 5 4 0 1 
3.....
data/weapon1/weapon0025.obj
newmtl Material
v -1.00775 3.5087 -0.155588
v 0.99169 3.52439 -0.200252
v -0.988257 3.44831 0.6958
v 1.01118 3.464 0.651136
v -0.964111 -3.464 -0.651136
v 1.03533 -3.44831 -0.6958
v -0.944618 -3.52439 0.200252
v 1.05482 -3.5087 0.155588
vn -0.9997 -0.0078 0.0223
vn 0.0228 -0.0707 0.9972
vn 0.0062 -0.9975 -0.0709
vn 0.9997 0.0078 -0.0223
vn -0.0062 0.9975 0.0709
vn -0.0228 0.0707 -0.9972
curmat=0
1 2 3 4 1 1 5 7 3
5 4 6 7 4 2 3 7 8
8 9 10 11 8 3 7 5 6
12 13 5 14 6 4 2 4 8
13 1 4 5 2 5 1 3 4
11 10 1 13 6 6 5 1 2
numvertex :8 6 6 1
1.....
2.....
faces[i]->texcoord[0]-1 0
faces[i]->faces[0]-1: 0 4 6 2 
2.....
faces[i]->texcoord[0]-1 1
faces[i]->faces[0]-1: 3 2 6 7 
2.....
faces[i]->texcoord[0]-1 2
faces[i]->faces[0]-1: 7 6 4 5 
2.....
faces[i]->texcoord[0]-1 3
faces[i]->faces[0]-1: 5 1 3 7 
2.....
faces[i]->texcoord[0]-1 4
faces[i]->faces[0]-1: 1 0 2 3 
2.....
faces[i]->texcoord[0]-1 5
faces[i]->faces[0]-1: 5 4 0 1 
3.....
data/weapon1/weapon0026.obj
newmtl Material
v -0.99909 3.50118 -0.30776
v 1.00034 3.50981 -0.354708
v -0.978956 3.47797 0.545437
v 1.02047 3.4866 0.498489
v -0.973402 -3.4866 -0.498489
v 1.02603 -3.47797 -0.545437
v -0.953268 -3.50981 0.354708
v 1.04616 -3.50118 0.30776
vn -0.9997 -0.0043 0.0235
vn 0.0236 -0.0272 0.9994
vn 0.0037 -0.9996 -0.0273
vn 0.9997 0.0043 -0.0235
vn -0.0037 0.9996 0.0273
vn -0.0236 0.0272 -0.9994
curmat=0
1 2 3 4 1 1 5 7 3
5 4 6 7 4 2 3 7 8
8 9 10 11 8 3 7 5 6
12 13 5 14 6 4 2 4 8
13 1 4 5 2 5 1 3 4
11 10 1 13 6 6 5 1 2
numvertex :8 6 6 1
1.....
2.....
faces[i]->texcoord[0]-1 0
faces[i]->faces[0]-1: 0 4 6 2 
2.....
faces[i]->texcoord[0]-1 1
faces[i]->faces[0]-1: 3 2 6 7 
2.....
faces[i]->texcoord[0]-1 2
faces[i]->faces[0]-1: 7 6 4 5 
2.....
faces[i]->texcoord[0]-1 3
faces[i]->faces[0]-1: 5 1 3 7 
2.....
faces[i]->texcoord[0]-1 4
faces[i]->faces[0]-1: 1 0 2 3 
2.....
faces[i]->texcoord[0]-1 5
faces[i]->faces[0]-1: 5 4 0 1 
3.....
data/weapon1/weapon0027.obj
newmtl Material
v -1.00747 3.50873 -0.156687
v 0.991962 3.52423 -0.201669
v -0.987852 3.44865 0.69472
v 1.01158 3.46415 0.649738
v -0.96451 -3.46415 -0.649738
v 1.03492 -3.44865 -0.69472
v -0.94489 -3.52423 0.201669
v 1.05454 -3.50873 0.156687
vn -0.9997 -0.0077 0.0225
vn 0.023 -0.0704 0.9973
vn 0.0061 -0.9975 -0.0705
vn 0.9997 0.0077 -0.0225
vn -0.0061 0.9975 0.0705
vn -0.023 0.0704 -0.9973
curmat=0
1 2 3 4 1 1 5 7 3
5 4 6 7 4 2 3 7 8
8 9 10 11 8 3 7 5 6
12 13 5 14 6 4 2 4 8
13 1 4 5 2 5 1 3 4
11 10 1 13 6 6 5 1 2
numvertex :8 6 6 1
1.....
2.....
faces[i]->texcoord[0]-1 0
faces[i]->faces[0]-1: 0 4 6 2 
2.....
faces[i]->texcoord[0]-1 1
faces[i]->faces[0]-1: 3 2 6 7 
2.....
faces[i]->texcoord[0]-1 2
faces[i]->faces[0]-1: 7 6 4 5 
2.....
faces[i]->texcoord[0]-1 3
faces[i]->faces[0]-1: 5 1 3 7 
2.....
faces[i]->texcoord[0]-1 4
faces[i]->faces[0]-1: 1 0 2 3 
2.....
faces[i]->texcoord[0]-1 5
faces[i]->faces[0]-1: 5 4 0 1 
3.....
data/weapon1/weapon0028.obj
newmtl Material
v -0.9582 3.51701 0.256055
v 1.04134 3.50956 0.213993
v -0.941159 3.3571 1.09452
v 1.05839 3.34965 1.05246
v -1.01131 -3.34965 -1.05246
v 0.988231 -3.3571 -1.09452
v -0.994271 -3.50956 -0.213993
v 1.00527 -3.51701 -0.256055
vn -0.9998 0.0037 0.021
vn 0.02 -0.1873 0.9821
vn -0.0076 -0.9823 -0.1872
vn 0.9998 -0.0037 -0.021
vn 0.0076 0.9823 0.1872
vn -0.02 0.1873 -0.9821
curmat=0
1 2 3 4 1 1 5 7 3
5 4 6 7 4 2 3 7 8
8 9 10 11 8 3 7 5 6
12 13 5 14 6 4 2 4 8
13 1 4 5 2 5 1 3 4
11 10 1 13 6 6 5 1 2
numvertex :8 6 6 1
1.....
2.....
faces[i]->texcoord[0]-1 0
faces[i]->faces[0]-1: 0 4 6 2 
2.....
faces[i]->texcoord[0]-1 1
faces[i]->faces[0]-1: 3 2 6 7 
2.....
faces[i]->texcoord[0]-1 2
faces[i]->faces[0]-1: 7 6 4 5 
2.....
faces[i]->texcoord[0]-1 3
faces[i]->faces[0]-1: 5 1 3 7 
2.....
faces[i]->texcoord[0]-1 4
faces[i]->faces[0]-1: 1 0 2 3 
2.....
faces[i]->texcoord[0]-1 5
faces[i]->faces[0]-1: 5 4 0 1 
3.....
data/weapon1/weapon0029.obj
newmtl Material
v -0.694514 3.49079 0.835176
v 1.29904 3.34266 0.773581
v -0.69172 3.19533 1.63616
v 1.30184 3.0472 1.57457
v -1.25476 -3.0472 -1.57457
v 0.738792 -3.19533 -1.63616
v -1.25197 -3.34266 -0.773581
v 0.741586 -3.49079 -0.835176
vn -0.9968 0.0741 0.0308
vn 0.0033 -0.3461 0.9382
vn -0.0801 -0.9353 -0.3447
vn 0.9968 -0.0741 -0.0308
vn 0.0801 0.9353 0.3447
vn -0.0033 0.3461 -0.9382
curmat=0
1 2 3 4 1 1 5 7 3
5 4 6 7 4 2 3 7 8
8 9 10 11 8 3 7 5 6
12 13 5 14 6 4 2 4 8
13 1 4 5 2 5 1 3 4
11 10 1 13 6 6 5 1 2
numvertex :8 6 6 1
1.....
2.....
faces[i]->texcoord[0]-1 0
faces[i]->faces[0]-1: 0 4 6 2 
2.....
faces[i]->texcoord[0]-1 1
faces[i]->faces[0]-1: 3 2 6 7 
2.....
faces[i]->texcoord[0]-1 2
faces[i]->faces[0]-1: 7 6 4 5 
2.....
faces[i]->texcoord[0]-1 3
faces[i]->faces[0]-1: 5 1 3 7 
2.....
faces[i]->texcoord[0]-1 4
faces[i]->faces[0]-1: 1 0 2 3 
2.....
faces[i]->texcoord[0]-1 5
faces[i]->faces[0]-1: 5 4 0 1 
3.....
data/weapon1/weapon0030.obj
newmtl Material
v -0.090761 3.3793 1.40214
v 1.84889 2.9154 1.25191
v -0.13309 2.96158 2.14552
v 1.80656 2.49768 1.99529
v -1.75948 -2.49768 -1.99529
v 0.180162 -2.96158 -2.14552
v -1.80181 -2.9154 -1.25191
v 0.137834 -3.3793 -1.40214
vn -0.9698 0.232 0.0751
vn -0.0496 -0.4893 0.8707
vn -0.2387 -0.8407 -0.486
vn 0.9698 -0.232 -0.0751
vn 0.2387 0.8407 0.486
vn 0.0496 0.4893 -0.8707
curmat=0
1 2 3 4 1 1 5 7 3
5 4 6 7 4 2 3 7 8
8 9 10 11 8 3 7 5 6
12 13 5 14 6 4 2 4 8
13 1 4 5 2 5 1 3 4
11 10 1 13 6 6 5 1 2
numvertex :8 6 6 1
1.....
2.....
faces[i]->texcoord[0]-1 0
faces[i]->faces[0]-1: 0 4 6 2 
2.....
faces[i]->texcoord[0]-1 1
faces[i]->faces[0]-1: 3 2 6 7 
2.....
faces[i]->texcoord[0]-1 2
faces[i]->faces[0]-1: 7 6 4 5 
2.....
faces[i]->texcoord[0]-1 3
faces[i]->faces[0]-1: 5 1 3 7 
2.....
faces[i]->texcoord[0]-1 4
faces[i]->faces[0]-1: 1 0 2 3 
2.....
faces[i]->texcoord[0]-1 5
faces[i]->faces[0]-1: 5 4 0 1 
3.....
data/weapon1/weapon0031.obj
newmtl Material
v 0.836539 3.12753 1.71939
v 2.58406 2.2077 1.40304
v 0.715701 2.6566 2.42118
v 2.46322 1.73677 2.10483
v -2.41615 -1.73677 -2.10483
v -0.668629 -2.6566 -2.42118
v -2.53699 -2.2077 -1.40304
v -0.789467 -3.12753 -1.71939
vn -0.8738 0.4599 0.1582
vn -0.1415 -0.5516 0.822
vn -0.4653 -0.6959 -0.5471
vn 0.8738 -0.4599 -0.1582
vn 0.4653 0.6959 0.5471
vn 0.1415 0.5516 -0.822
curmat=0
1 2 3 4 1 1 5 7 3
5 4 6 7 4 2 3 7 8
8 9 10 11 8 3 7 5 6
12 13 5 14 6 4 2 4 8
13 1 4 5 2 5 1 3 4
11 10 1 13 6 6 5 1 2
numvertex :8 6 6 1
1.....
2.....
faces[i]->texcoord[0]-1 0
faces[i]->faces[0]-1: 0 4 6 2 
2.....
faces[i]->texcoord[0]-1 1
faces[i]->faces[0]-1: 3 2 6 7 
2.....
faces[i]->texcoord[0]-1 2
faces[i]->faces[0]-1: 7 6 4 5 
2.....
faces[i]->texcoord[0]-1 3
faces[i]->faces[0]-1: 5 1 3 7 
2.....
faces[i]->texcoord[0]-1 4
faces[i]->faces[0]-1: 1 0 2 3 
2.....
faces[i]->texcoord[0]-1 5
faces[i]->faces[0]-1: 5 4 0 1 
3.....
data/weapon1/weapon0032.obj
newmtl Material
v 1.88389 2.7086 1.61285
v 3.24144 1.31644 1.14492
v 1.69158 2.28121 2.32647
v 3.04912 0.889049 1.85854
v -3.00205 -0.889049 -1.85854
v -1.64451 -2.28121 -2.32647
v -3.19436 -1.31644 -1.14492
v -1.83682 -2.7086 -1.61285
vn -0.6788 0.6961 0.234
vn -0.2253 -0.5006 0.8359
vn -0.6989 -0.5147 -0.4966
vn 0.6788 -0.6961 -0.234
vn 0.6989 0.5147 0.4966
vn 0.2253 0.5006 -0.8359
curmat=0
1 2 3 4 1 1 5 7 3
5 4 6 7 4 2 3 7 8
8 9 10 11 8 3 7 5 6
12 13 5 14 6 4 2 4 8
13 1 4 5 2 5 1 3 4
11 10 1 13 6 6 5 1 2
numvertex :8 6 6 1
1.....
2.....
faces[i]->texcoord[0]-1 0
faces[i]->faces[0]-1: 0 4 6 2 
2.....
faces[i]->texcoord[0]-1 1
faces[i]->faces[0]-1: 3 2 6 7 
2.....
faces[i]->texcoord[0]-1 2
faces[i]->faces[0]-1: 7 6 4 5 
2.....
faces[i]->texcoord[0]-1 3
faces[i]->faces[0]-1: 5 1 3 7 
2.....
faces[i]->texcoord[0]-1 4
faces[i]->faces[0]-1: 1 0 2 3 
2.....
faces[i]->texcoord[0]-1 5
faces[i]->faces[0]-1: 5 4 0 1 
3.....
data/weapon1/weapon0033.obj
newmtl Material
v 2.761 2.16166 1.11007
v 3.60535 0.412922 0.631537
v 2.55901 1.8534 1.88017
v 3.40336 0.104658 1.40164
v -3.35628 -0.104658 -1.40164
v -2.51193 -1.8534 -1.88017
v -3.55828 -0.412922 -0.631537
v -2.71393 -2.16166 -1.11007
vn -0.4222 0.8744 0.2393
vn -0.2366 -0.3611 0.902
vn -0.8751 -0.3242 -0.3593
vn 0.4222 -0.8744 -0.2393
vn 0.8751 0.3242 0.3593
vn 0.2366 0.3611 -0.902
curmat=0
1 2 3 4 1 1 5 7 3
5 4 6 7 4 2 3 7 8
8 9 10 11 8 3 7 5 6
12 13 5 14 6 4 2 4 8
13 1 4 5 2 5 1 3 4
11 10 1 13 6 6 5 1 2
numvertex :8 6 6 1
1.....
2.....
faces[i]->texcoord[0]-1 0
faces[i]->faces[0]-1: 0 4 6 2 
2.....
faces[i]->texcoord[0]-1 1
faces[i]->faces[0]-1: 3 2 6 7 
2.....
faces[i]->texcoord[0]-1 2
faces[i]->faces[0]-1: 7 6 4 5 
2.....
faces[i]->texcoord[0]-1 3
faces[i]->faces[0]-1: 5 1 3 7 
2.....
faces[i]->texcoord[0]-1 4
faces[i]->faces[0]-1: 1 0 2 3 
2.....
faces[i]->texcoord[0]-1 5
faces[i]->faces[0]-1: 5 4 0 1 
3.....
data/weapon1/weapon0034.obj
newmtl Material
v 3.28668 1.59799 0.443866
v 3.66654 -0.337806 0.114635
v 3.1451 1.4299 1.26884
v 3.52496 -0.505897 0.939613
v -3.47788 0.505897 -0.939613
v -3.09803 -1.4299 -1.26884
v -3.61947 0.337806 -0.114635
v -3.23961 -1.59799 -0.443866
vn -0.1899 0.9679 0.1646
vn -0.1658 -0.1969 0.9663
vn -0.9677 -0.1562 -0.1979
vn 0.1899 -0.9679 -0.1646
vn 0.9677 0.1562 0.1979
vn 0.1658 0.1969 -0.9663
curmat=0
1 2 3 4 1 1 5 7 3
5 4 6 7 4 2 3 7 8
8 9 10 11 8 3 7 5 6
12 13 5 14 6 4 2 4 8
13 1 4 5 2 5 1 3 4
11 10 1 13 6 6 5 1 2
numvertex :8 6 6 1
1.....
2.....
faces[i]->texcoord[0]-1 0
faces[i]->faces[0]-1: 0 4 6 2 
2.....
faces[i]->texcoord[0]-1 1
faces[i]->faces[0]-1: 3 2 6 7 
2.....
faces[i]->texcoord[0]-1 2
faces[i]->faces[0]-1: 7 6 4 5 
2.....
faces[i]->texcoord[0]-1 3
faces[i]->faces[0]-1: 5 1 3 7 
2.....
faces[i]->texcoord[0]-1 4
faces[i]->faces[0]-1: 1 0 2 3 
2.....
faces[i]->texcoord[0]-1 5
faces[i]->faces[0]-1: 5 4 0 1 
3.....
data/weapon1/weapon0035.obj
newmtl Material
v 3.4925 1.16425 -0.097664
v 3.58116 -0.829161 -0.233561
v 3.4317 1.10363 0.751758
v 3.52036 -0.889773 0.615861
v -3.47328 0.889773 -0.615861
v -3.38463 -1.10363 -0.751758
v -3.53409 0.829161 0.233561
v -3.44543 -1.16425 0.097664
vn -0.0443 0.9967 0.0679
vn -0.0712 -0.071 0.9949
vn -0.9965 -0.0393 -0.0741
vn 0.0443 -0.9967 -0.0679
vn 0.9965 0.0393 0.0741
vn 0.0712 0.071 -0.9949
curmat=0
1 2 3 4 1 1 5 7 3
5 4 6 7 4 2 3 7 8
8 9 10 11 8 3 7 5 6
12 13 5 14 6 4 2 4 8
13 1 4 5 2 5 1 3 4
11 10 1 13 6 6 5 1 2
numvertex :8 6 6 1
1.....
2.....
faces[i]->texcoord[0]-1 0
faces[i]->faces[0]-1: 0 4 6 2 
2.....
faces[i]->texcoord[0]-1 1
faces[i]->faces[0]-1: 3 2 6 7 
2.....
faces[i]->texcoord[0]-1 2
faces[i]->faces[0]-1: 7 6 4 5 
2.....
faces[i]->texcoord[0]-1 3
faces[i]->faces[0]-1: 5 1 3 7 
2.....
faces[i]->texcoord[0]-1 4
faces[i]->faces[0]-1: 1 0 2 3 
2.....
faces[i]->texcoord[0]-1 5
faces[i]->faces[0]-1: 5 4 0 1 
3.....
