# Blender 4.2.1 LTS
# www.blender.org
mtllib zombie0054.mtl
o Cube
v 1.000000 -0.172779 -0.950515
v 1.000000 -1.856093 0.129510
v 1.000000 0.105825 -0.516287
v 1.000000 -1.577489 0.563738
v -1.000000 -0.172779 -0.950515
v -1.000000 -1.856093 0.129510
v -1.000000 0.105825 -0.516287
v -1.000000 -1.577489 0.563738
vn -0.0000 0.8417 -0.5400
vn -0.0000 0.5400 0.8417
vn -1.0000 -0.0000 -0.0000
vn -0.0000 -0.8417 0.5400
vn 1.0000 -0.0000 -0.0000
vn -0.0000 -0.5400 -0.8417
vt 0.625000 0.500000
vt 0.875000 0.500000
vt 0.875000 0.750000
vt 0.625000 0.750000
vt 0.375000 0.750000
vt 0.625000 1.000000
vt 0.375000 1.000000
vt 0.375000 0.000000
vt 0.625000 0.000000
vt 0.625000 0.250000
vt 0.375000 0.250000
vt 0.125000 0.500000
vt 0.375000 0.500000
vt 0.125000 0.750000
s 0
usemtl Material
f 1/1/1 5/2/1 7/3/1 3/4/1
f 4/5/2 3/4/2 7/6/2 8/7/2
f 8/8/3 7/9/3 5/10/3 6/11/3
f 6/12/4 2/13/4 4/5/4 8/14/4
f 2/13/5 1/1/5 3/4/5 4/5/5
f 6/11/6 5/10/6 1/1/6 2/13/6
o Cube.001
v -0.433004 -0.276567 -0.012983
v -0.433004 0.456210 -0.483137
v -0.433004 -0.746721 -0.745759
v -0.433004 -0.013944 -1.215913
v 0.437632 -0.276567 -0.012983
v 0.437632 0.456210 -0.483137
v 0.437632 -0.746721 -0.745759
v 0.437632 -0.013944 -1.215913
vn -1.0000 -0.0000 -0.0000
vn -0.0000 -0.5400 -0.8417
vn 1.0000 -0.0000 -0.0000
vn -0.0000 0.5400 0.8417
vn -0.0000 -0.8417 0.5400
vn -0.0000 0.8417 -0.5400
vt 0.375000 0.000000
vt 0.625000 0.000000
vt 0.625000 0.250000
vt 0.375000 0.250000
vt 0.625000 0.500000
vt 0.375000 0.500000
vt 0.625000 0.750000
vt 0.375000 0.750000
vt 0.625000 1.000000
vt 0.375000 1.000000
vt 0.125000 0.500000
vt 0.125000 0.750000
vt 0.875000 0.500000
vt 0.875000 0.750000
s 0
f 9/15/7 10/16/7 12/17/7 11/18/7
f 11/18/8 12/17/8 16/19/8 15/20/8
f 15/20/9 16/19/9 14/21/9 13/22/9
f 13/22/10 14/21/10 10/23/10 9/24/10
f 11/25/11 15/20/11 13/22/11 9/26/11
f 16/19/12 12/27/12 10/28/12 14/21/12
o Cube.002
v -0.898221 -2.052623 0.880536
v -0.898221 -1.372302 -1.274786
v -0.898221 -1.549466 1.039356
v -0.898221 -0.869146 -1.115966
v -1.425848 -2.052623 0.880536
v -1.425848 -1.372302 -1.274786
v -1.425848 -1.549466 1.039356
v -1.425848 -0.869146 -1.115966
vn 1.0000 -0.0000 -0.0000
vn -0.0000 0.9536 0.3010
vn -1.0000 -0.0000 -0.0000
vn -0.0000 -0.9536 -0.3010
vn -0.0000 -0.3010 0.9536
vn -0.0000 0.3010 -0.9536
vt 0.375000 0.000000
vt 0.625000 0.000000
vt 0.625000 0.250000
vt 0.375000 0.250000
vt 0.625000 0.500000
vt 0.375000 0.500000
vt 0.625000 0.750000
vt 0.375000 0.750000
vt 0.625000 1.000000
vt 0.375000 1.000000
vt 0.125000 0.500000
vt 0.125000 0.750000
vt 0.875000 0.500000
vt 0.875000 0.750000
s 0
f 17/29/13 18/30/13 20/31/13 19/32/13
f 19/32/14 20/31/14 24/33/14 23/34/14
f 23/34/15 24/33/15 22/35/15 21/36/15
f 21/36/16 22/35/16 18/37/16 17/38/16
f 19/39/17 23/34/17 21/36/17 17/40/17
f 24/33/18 20/41/18 18/42/18 22/35/18
o Cube.003
v 1.433402 -2.104890 0.578486
v 1.433402 -0.720517 -1.208064
v 1.433402 -1.687823 0.901665
v 1.433402 -0.303450 -0.884885
v 0.905775 -2.104890 0.578486
v 0.905775 -0.720517 -1.208064
v 0.905775 -1.687823 0.901665
v 0.905775 -0.303450 -0.884885
vn 1.0000 -0.0000 -0.0000
vn -0.0000 0.7905 0.6125
vn -1.0000 -0.0000 -0.0000
vn -0.0000 -0.7905 -0.6125
vn -0.0000 -0.6125 0.7905
vn -0.0000 0.6125 -0.7905
vt 0.375000 0.000000
vt 0.625000 0.000000
vt 0.625000 0.250000
vt 0.375000 0.250000
vt 0.625000 0.500000
vt 0.375000 0.500000
vt 0.625000 0.750000
vt 0.375000 0.750000
vt 0.625000 1.000000
vt 0.375000 1.000000
vt 0.125000 0.500000
vt 0.125000 0.750000
vt 0.875000 0.500000
vt 0.875000 0.750000
s 0
f 25/43/19 26/44/19 28/45/19 27/46/19
f 27/46/20 28/45/20 32/47/20 31/48/20
f 31/48/21 32/47/21 30/49/21 29/50/21
f 29/50/22 30/49/22 26/51/22 25/52/22
f 27/53/23 31/48/23 29/50/23 25/54/23
f 32/47/24 28/55/24 26/56/24 30/49/24
o Cube.004
v -0.259169 -3.286297 0.964267
v -0.259169 -1.403798 -0.286513
v -0.259169 -2.994305 1.403733
v -0.259169 -1.111806 0.152953
v -0.786796 -3.286297 0.964267
v -0.786796 -1.403798 -0.286513
v -0.786796 -2.994305 1.403733
v -0.786796 -1.111806 0.152953
vn 1.0000 -0.0000 -0.0000
vn -0.0000 0.5534 0.8329
vn -1.0000 -0.0000 -0.0000
vn -0.0000 -0.5534 -0.8329
vn -0.0000 -0.8329 0.5534
vn -0.0000 0.8329 -0.5534
vt 0.375000 0.000000
vt 0.625000 0.000000
vt 0.625000 0.250000
vt 0.375000 0.250000
vt 0.625000 0.500000
vt 0.375000 0.500000
vt 0.625000 0.750000
vt 0.375000 0.750000
vt 0.625000 1.000000
vt 0.375000 1.000000
vt 0.125000 0.500000
vt 0.125000 0.750000
vt 0.875000 0.500000
vt 0.875000 0.750000
s 0
f 33/57/25 34/58/25 36/59/25 35/60/25
f 35/60/26 36/59/26 40/61/26 39/62/26
f 39/62/27 40/61/27 38/63/27 37/64/27
f 37/64/28 38/63/28 34/65/28 33/66/28
f 35/67/29 39/62/29 37/64/29 33/68/29
f 40/61/30 36/69/30 34/70/30 38/63/30
o Cube.005
v 0.812159 -3.301332 0.930840
v 0.812159 -1.397822 -0.287724
v 0.812159 -3.016860 1.375211
v 0.812159 -1.113350 0.156647
v 0.284533 -3.301332 0.930840
v 0.284533 -1.397822 -0.287724
v 0.284533 -3.016860 1.375211
v 0.284533 -1.113350 0.156647
vn 1.0000 -0.0000 -0.0000
vn -0.0000 0.5392 0.8422
vn -1.0000 -0.0000 -0.0000
vn -0.0000 -0.5392 -0.8422
vn -0.0000 -0.8422 0.5392
vn -0.0000 0.8422 -0.5392
vt 0.375000 0.000000
vt 0.625000 0.000000
vt 0.625000 0.250000
vt 0.375000 0.250000
vt 0.625000 0.500000
vt 0.375000 0.500000
vt 0.625000 0.750000
vt 0.375000 0.750000
vt 0.625000 1.000000
vt 0.375000 1.000000
vt 0.125000 0.500000
vt 0.125000 0.750000
vt 0.875000 0.500000
vt 0.875000 0.750000
s 0
f 41/71/31 42/72/31 44/73/31 43/74/31
f 43/74/32 44/73/32 48/75/32 47/76/32
f 47/76/33 48/75/33 46/77/33 45/78/33
f 45/78/34 46/77/34 42/79/34 41/80/34
f 43/81/35 47/76/35 45/78/35 41/82/35
f 48/75/36 44/83/36 42/84/36 46/77/36
