# Blender 4.2.1 LTS
# www.blender.org
mtllib zombie0052.mtl
o Cube
v 1.000000 0.683996 -0.479188
v 1.000000 -1.287664 -0.143697
v 1.000000 0.770540 0.029422
v 1.000000 -1.201121 0.364913
v -1.000000 0.683996 -0.479188
v -1.000000 -1.287664 -0.143697
v -1.000000 0.770540 0.029422
v -1.000000 -1.201121 0.364913
vn -0.0000 0.9858 -0.1677
vn -0.0000 0.1677 0.9858
vn -1.0000 -0.0000 -0.0000
vn -0.0000 -0.9858 0.1677
vn 1.0000 -0.0000 -0.0000
vn -0.0000 -0.1677 -0.9858
vt 0.625000 0.500000
vt 0.875000 0.500000
vt 0.875000 0.750000
vt 0.625000 0.750000
vt 0.375000 0.750000
vt 0.625000 1.000000
vt 0.375000 1.000000
vt 0.375000 0.000000
vt 0.625000 0.000000
vt 0.625000 0.250000
vt 0.375000 0.250000
vt 0.125000 0.500000
vt 0.375000 0.500000
vt 0.125000 0.750000
s 0
usemtl Material
f 1/1/1 5/2/1 7/3/1 3/4/1
f 4/5/2 3/4/2 7/6/2 8/7/2
f 8/8/3 7/9/3 5/10/3 6/11/3
f 6/12/4 2/13/4 4/5/4 8/14/4
f 2/13/5 1/1/5 3/4/5 4/5/5
f 6/11/6 5/10/6 1/1/6 2/13/6
o Cube.001
v -0.433004 0.423270 0.308639
v -0.433004 1.281569 0.162593
v -0.433004 0.277225 -0.549660
v -0.433004 1.135523 -0.695705
v 0.437632 0.423270 0.308639
v 0.437632 1.281569 0.162593
v 0.437632 0.277225 -0.549660
v 0.437632 1.135523 -0.695705
vn -1.0000 -0.0000 -0.0000
vn -0.0000 -0.1677 -0.9858
vn 1.0000 -0.0000 -0.0000
vn -0.0000 0.1677 0.9858
vn -0.0000 -0.9858 0.1677
vn -0.0000 0.9858 -0.1677
vt 0.375000 0.000000
vt 0.625000 0.000000
vt 0.625000 0.250000
vt 0.375000 0.250000
vt 0.625000 0.500000
vt 0.375000 0.500000
vt 0.625000 0.750000
vt 0.375000 0.750000
vt 0.625000 1.000000
vt 0.375000 1.000000
vt 0.125000 0.500000
vt 0.125000 0.750000
vt 0.875000 0.500000
vt 0.875000 0.750000
s 0
f 9/15/7 10/16/7 12/17/7 11/18/7
f 11/18/8 12/17/8 16/19/8 15/20/8
f 15/20/9 16/19/9 14/21/9 13/22/9
f 13/22/10 14/21/10 10/23/10 9/24/10
f 11/25/11 15/20/11 13/22/11 9/26/11
f 16/19/12 12/27/12 10/28/12 14/21/12
o Cube.002
v -0.898221 -1.819522 0.607803
v -0.898221 -0.223033 -0.992033
v -0.898221 -1.446044 0.980500
v -0.898221 0.150446 -0.619335
v -1.425848 -1.819522 0.607803
v -1.425848 -0.223033 -0.992033
v -1.425848 -1.446044 0.980500
v -1.425848 0.150446 -0.619335
vn 1.0000 -0.0000 -0.0000
vn -0.0000 0.7078 0.7064
vn -1.0000 -0.0000 -0.0000
vn -0.0000 -0.7078 -0.7064
vn -0.0000 -0.7064 0.7078
vn -0.0000 0.7064 -0.7078
vt 0.375000 0.000000
vt 0.625000 0.000000
vt 0.625000 0.250000
vt 0.375000 0.250000
vt 0.625000 0.500000
vt 0.375000 0.500000
vt 0.625000 0.750000
vt 0.375000 0.750000
vt 0.625000 1.000000
vt 0.375000 1.000000
vt 0.125000 0.500000
vt 0.125000 0.750000
vt 0.875000 0.500000
vt 0.875000 0.750000
s 0
f 17/29/13 18/30/13 20/31/13 19/32/13
f 19/32/14 20/31/14 24/33/14 23/34/14
f 23/34/15 24/33/15 22/35/15 21/36/15
f 21/36/16 22/35/16 18/37/16 17/38/16
f 19/39/17 23/34/17 21/36/17 17/40/17
f 24/33/18 20/41/18 18/42/18 22/35/18
o Cube.003
v 1.433402 -1.719731 0.224229
v 1.433402 0.295210 -0.799618
v 1.433402 -1.480716 0.694613
v 1.433402 0.534225 -0.329234
v 0.905775 -1.719731 0.224229
v 0.905775 0.295210 -0.799618
v 0.905775 -1.480716 0.694613
v 0.905775 0.534225 -0.329234
vn 1.0000 -0.0000 -0.0000
vn -0.0000 0.4530 0.8915
vn -1.0000 -0.0000 -0.0000
vn -0.0000 -0.4530 -0.8915
vn -0.0000 -0.8915 0.4530
vn -0.0000 0.8915 -0.4530
vt 0.375000 0.000000
vt 0.625000 0.000000
vt 0.625000 0.250000
vt 0.375000 0.250000
vt 0.625000 0.500000
vt 0.375000 0.500000
vt 0.625000 0.750000
vt 0.375000 0.750000
vt 0.625000 1.000000
vt 0.375000 1.000000
vt 0.125000 0.500000
vt 0.125000 0.750000
vt 0.875000 0.500000
vt 0.875000 0.750000
s 0
f 25/43/19 26/44/19 28/45/19 27/46/19
f 27/46/20 28/45/20 32/47/20 31/48/20
f 31/48/21 32/47/21 30/49/21 29/50/21
f 29/50/22 30/49/22 26/51/22 25/52/22
f 27/53/23 31/48/23 29/50/23 25/54/23
f 32/47/24 28/55/24 26/56/24 30/49/24
o Cube.004
v -0.259169 -3.295008 0.124801
v -0.259169 -1.073239 -0.289922
v -0.259169 -3.198191 0.643469
v -0.259169 -0.976422 0.228746
v -0.786796 -3.295008 0.124801
v -0.786796 -1.073239 -0.289922
v -0.786796 -3.198191 0.643469
v -0.786796 -0.976422 0.228746
vn 1.0000 -0.0000 -0.0000
vn -0.0000 0.1835 0.9830
vn -1.0000 -0.0000 -0.0000
vn -0.0000 -0.1835 -0.9830
vn -0.0000 -0.9830 0.1835
vn -0.0000 0.9830 -0.1835
vt 0.375000 0.000000
vt 0.625000 0.000000
vt 0.625000 0.250000
vt 0.375000 0.250000
vt 0.625000 0.500000
vt 0.375000 0.500000
vt 0.625000 0.750000
vt 0.375000 0.750000
vt 0.625000 1.000000
vt 0.375000 1.000000
vt 0.125000 0.500000
vt 0.125000 0.750000
vt 0.875000 0.500000
vt 0.875000 0.750000
s 0
f 33/57/25 34/58/25 36/59/25 35/60/25
f 35/60/26 36/59/26 40/61/26 39/62/26
f 39/62/27 40/61/27 38/63/27 37/64/27
f 37/64/28 38/63/28 34/65/28 33/66/28
f 35/67/29 39/62/29 37/64/29 33/68/29
f 40/61/30 36/69/30 34/70/30 38/63/30
o Cube.005
v 0.812159 -3.296404 0.084076
v 0.812159 -1.067901 -0.292780
v 0.812159 -3.208428 0.604316
v 0.812159 -0.979924 0.227460
v 0.284533 -3.296404 0.084076
v 0.284533 -1.067901 -0.292780
v 0.284533 -3.208428 0.604316
v 0.284533 -0.979924 0.227460
vn 1.0000 -0.0000 -0.0000
vn -0.0000 0.1667 0.9860
vn -1.0000 -0.0000 -0.0000
vn -0.0000 -0.1667 -0.9860
vn -0.0000 -0.9860 0.1667
vn -0.0000 0.9860 -0.1667
vt 0.375000 0.000000
vt 0.625000 0.000000
vt 0.625000 0.250000
vt 0.375000 0.250000
vt 0.625000 0.500000
vt 0.375000 0.500000
vt 0.625000 0.750000
vt 0.375000 0.750000
vt 0.625000 1.000000
vt 0.375000 1.000000
vt 0.125000 0.500000
vt 0.125000 0.750000
vt 0.875000 0.500000
vt 0.875000 0.750000
s 0
f 41/71/31 42/72/31 44/73/31 43/74/31
f 43/74/32 44/73/32 48/75/32 47/76/32
f 47/76/33 48/75/33 46/77/33 45/78/33
f 45/78/34 46/77/34 42/79/34 41/80/34
f 43/81/35 47/76/35 45/78/35 41/82/35
f 48/75/36 44/83/36 42/84/36 46/77/36
